0.27
0.888
1.491
1.864
2.095
2.431
2.733
2.774
2.877
2.994
4.446
5.228
5.852
6.412
6.686
7.565
11.42
12.574
13.481
13.892
14.428
14.902
15.373
15.673
15.852
15.895
15.898
16.134
17.591
17.983
18.314
18.878
19.037
19.071
19.102
19.813
20.691
20.761
22.312
22.438
22.713
22.734
24.641
24.803
25.546
25.693
25.784
25.877
26.528
26.909
27.323
27.388
27.542
27.94
28.146
28.512
28.586
28.604
28.975
29.39
29.939
30.303
30.648
30.694
31.336
31.891
31.961
32.762
33.009
33.544
33.976
34.015
34.041
34.303
34.522
34.867
35.197
35.43
35.912
36.355
36.538
36.555
36.938
37.024
39.259
40.582
41.052
41.287
42.211
42.692
43.203
43.751
44.26
44.262
45.575
45.634
45.764
46.365
46.569
46.829
46.988
47.849
48.167
48.524
48.684
48.856
49.786
50.016
50.073
50.084
50.15
50.165
50.909
51.75
52.095
52.321
53.54
53.734
54.469
55.767
56.689
56.735
56.754
56.772
56.922
57.398
57.925
58.402
58.981
59.26
59.579
59.63
59.818
60.026
60.407
60.87
61.578
61.724
62.034
62.371
62.651
62.972
63.418
63.954
64.054
64.085
64.093
65.119
65.407
66.256
67.902
68.863
69.001
69.55
70.072
70.248
71.251
71.553
72.753
73.188
73.851
74.28
75.124
75.297
75.4
75.46
76.03
76.272
76.455
76.465
76.598
77.02
77.088
77.973
78.039
78.086
78.551
79.525
79.816
81.182
81.201
81.442
81.936
82.672
83.517
83.808
83.814
84.46
85.015
85.657
85.686
86.055
86.573
87.333
88.294
88.353
88.766
88.993
89.198
90.91
91.296
91.823
93.319
93.511
93.544
94.21
94.299
95.394
95.47
95.825
96.184
96.347
96.355
96.441
98.469
98.682
98.733
99.21
99.276
99.818
100.101
100.272
100.534
100.979
101.65
101.78
101.792
102.081
102.266
102.507
102.749
103.836
103.864
104.246
104.455
104.697
105.477
106.174
106.398
106.487
106.823
106.895
107.08
108.492
108.867
109.479
109.555
111.23
111.386
111.386
112.574
112.71
112.723
113.037
113.424
113.794
114.35
114.781
115.745
115.973
116.127
116.846
117.479
117.733
119.117
119.597
119.702
119.745
119.889
120.211
121.268
121.464
121.87
122.237
122.806
122.89
123.317
123.448
124.117
124.767
124.836
125.255
125.365
126.017
126.346
126.717
127.257
127.812
129.44
131.671
131.673
132.429
132.595
132.719
132.887
134.784
135.718
136.3
137.374
138.111
138.188
138.276
138.418
139.512
139.672
139.908
140.064
140.751
140.888
141.041
141.472
141.516
141.75
141.971
142.587
142.767
142.831
143.185
143.294
143.905
144.549
145.275
145.511
146.11
146.222
146.343
146.634
147.456
148.779
149.089
149.971
150.397
150.483
150.723
151.701
152.752
153.127
153.191
153.422
155.096
155.348
157.153
157.824
157.902
158.192
158.316
158.929
159.218
159.818
160.049
160.573
160.631
160.732
161.109
162.284
163.716
163.996
164.078
165.151
167.166
167.543
168.151
168.755
169.023
169.121
169.312
169.803
170.765
170.818
171.467
172.65
172.656
173.074
173.433
174.619
174.9
175.114
176.243
176.629
178.063
178.142
178.17
178.82
179.801
179.874
180.039
181.315
182.02
182.11
182.198
182.267
182.555
183.492
183.53
183.679
185.59
185.72
187.152
188.027
188.277
189.476
191.272
191.948
192.302
192.321
192.419
192.575
192.772
192.799
194.057
194.156
195.181
195.185
195.798
196.782
197.399
198.119
198.574
198.769
198.771
200.107
200.582
200.863
201.066
201.279
201.31
201.601
202.869
202.908
202.95
203.215
203.746
204.017
204.651
204.979
205.046
205.131
205.637
206.437
206.696
206.886
207.911
208.032
208.687
208.912
208.965
209.103
209.357
210.178
210.511
210.594
211.307
211.502
211.799
211.815
212.072
212.507
213.174
213.813
213.965
214.165
215.102
215.421
218.861
219.999
220.089
220.863
221.775
222.37
222.618
222.91
223.563
225.371
226.41
227.019
227.601
228.082
230.256
230.307
231.197
231.224
231.892
231.979
232.187
232.554
234.52
234.872
234.98
235.328
236.025
236.309
237.162
237.388
238.137
238.346
238.61
238.624
239.473
240.011
241.03
242.434
243.133
244.048
244.225
244.534
244.536
245.97
245.971
246.034
246.056
246.408
246.813
246.857
248.596
249.008
250.362
250.47
250.675
250.901
251.252
251.471
251.671
251.714
251.723
251.812
252.551
253.96
254.379
255.034
255.361
255.484
256.979
257.114
258.615
259.127
259.27
260.947
261.754
261.879
262.631
264.01
264.344
265.437
265.511
265.902
267.906
268.217
268.438
268.534
268.685
268.774
270.242
270.781
271.093
271.496
272.283
272.55
272.553
272.615
273.452
273.61
273.634
274.067
275.145
276.422
276.771
277.083
277.15
277.519
277.587
279.006
279.238
282.316
282.339
282.825
282.864
283.875
284.191
285.122
286.979
287.239
287.268
287.484
287.643
287.749
288.153
288.174
288.364
288.798
289.784
289.838
290.425
290.433
290.433
291.57
291.733
292.015
292.887
293.873
294.092
295.363
295.869
296.436
296.9
297.005
297.047
297.3
297.79
298.094
298.949
299.395
300.115
300.843
301.035
301.123
302.343
303.747
304.666
305.262
305.317
307.296
307.593
308.108
308.426
308.719
309.706
309.937
310.335
310.509
311.609
312.133
312.438
312.887
313.18
313.523
313.75
314.276
314.577
314.743
315.027
315.17
315.967
316.041
316.846
317.257
317.462
317.862
318.007
319.288
320.34
320.608
320.646
321.283
321.375
322.281
322.593
323.125
323.314
323.593
324.585
324.668
324.84
325.027
325.569
325.781
326.448
326.484
327.928
329.21
329.242
329.445
330.952
331.086
332.096
333.17
333.956
334.599
334.659
335.203
336.652
336.664
336.953
338.618
338.865
338.922
339.154
339.173
339.215
339.821
341.289
341.634
342.974
343.431
343.532
344.015
344.623
344.681
345.175
345.82
346.032
346.565
346.716
347.012
347.439
347.538
347.988
348.862
348.888
348.911
349.289
349.702
350.207
351.055
353.892
354.345
354.797
355.177
355.878
356.09
356.269
356.723
357.708
358.363
358.636
358.733
360.088
362.073
362.263
364.804
364.883
365.04
365.468
367.109
367.565
367.744
369.247
369.298
369.472
370.001
370.069
370.206
370.63
371.546
371.94
371.989
372.41
372.803
372.982
373.147
373.273
373.864
374.027
374.37
374.378
374.838
375.253
375.43
375.619
375.652
375.767
376.047
376.624
377.013
377.564
377.781
379.898
381.09
381.16
381.208
381.507
382.601
382.973
383.113
384.055
385.393
385.493
386.525
386.655
387.113
388.202
389.924
390.108
390.525
391.016
392.842
393.275
393.829
394.92
394.977
395.368
395.442
395.444
395.729
395.895
395.978
396.97
397.325
397.443
397.692
398.116
399.83
399.998
400.518
400.881
401.264
401.69
401.783
402.038
402.161
402.3
402.799
404.422
404.636
405.11
405.496
405.659
405.865
406.176
406.65
406.989
407.898
407.954
409.215
409.702
410.366
410.464
411.4
411.881
412.78
413.748
414.008
414.997
416.016
416.962
417.403
417.523
417.747
418.024
418.295
419.761
420.07
422.216
422.31
422.55
423.208
423.268
423.323
423.436
424.146
426.31
426.788
427.35
427.864
427.996
428.424
428.684
428.78
429.072
429.465
429.474
430.896
432.384
433.217
433.696
433.996
434.199
434.978
435.715
435.81
436.395
436.522
436.573
436.915
437.142
438.617
438.623
440.285
440.53
440.661
441.662
441.828
442.528
442.777
443.533
444.058
445.666
445.83
446.177
446.595
446.747
446.947
447.06
447.941
448.113
448.893
449.996
450.933
451.208
451.376
451.897
452.46
453.121
453.212
453.357
454.17
454.251
454.256
455.126
455.243
455.935
456.199
456.683
456.789
457.41
457.477
457.569
457.7
458.072
458.256
458.673
458.969
459.111
460.03
460.497
461.449
462.418
462.712
463.055
463.276
465.011
465.209
465.754
465.835
465.985
466.447
466.625
467.263
467.69
467.986
469.47
469.638
470.649
470.667
470.981
471.745
472.372
473.241
473.33
473.744
474.041
474.474
474.511
475.399
475.826
476.351
476.705
477.065
478.141
478.682
479.26
479.551
479.727
479.846
480.007
480.662
481.332
482.73
483.073
484.278
484.946
485.358
487.314
488.27
488.544
488.615
489.052
489.437
489.589
490.24
490.79
492.433
494.096
494.491
494.87
495.543
496.377
497.006
497.983
499.661
499.734
499.764
500.821
501.034
501.388
502.27
502.668
504.148
504.172
504.269
505.096
505.859
506.21
506.78
507.091
507.4
507.879
508.786
508.933
509.409
509.448
509.9
510.086
510.528
511.365
512.397
513.113
514.219
515.472
515.953
516.517
516.836
517.679
517.721
518.006
518.901
519.189
520.439
521.085
522.09
523.295
523.946
523.954
524.038
524.055
524.56
524.951
525.188
525.873
525.959
526.241
526.776
527.763
528.378
529.303
530.092
530.257
531.707
531.898
531.997
533.174
534.814
534.936
535.129
535.562
536.211
536.286
536.358
536.703
537.255
538.295
538.923
539.082
540.244
540.67
540.997
541.065
542.679
543.639
544.001
544.832
544.859
545.498
545.854
545.873
546.529
546.819
547.134
548.108
548.284
548.523
549.277
551.264
551.403
551.533
552.174
552.533
552.573
553.203
553.626
554.614
554.817
554.818
554.874
554.957
555.126
555.976
557.227
557.463
557.996
558.03
558.325
559.751
559.757
560.338
561.139
561.329
562.679
563.501
564.213
564.449
564.673
564.998
565.799
566.1
566.304
566.621
566.717
568.603
568.698
569.629
570.037
570.138
570.684
570.897
571.263
571.842
572.113
572.706
574.249
574.338
574.829
576.494
576.731
576.886
578.031
578.633
578.709
579.443
579.628
579.93
580.451
580.634
580.705
580.912
581.193
582.095
582.753
583.817
584.711
585.777
586.678
587.794
588.238
588.879
588.903
591.029
591.683
591.741
591.918
592.506
592.511
592.696
592.751
594.156
594.675
594.731
595.348
596.067
596.38
596.636
596.793
596.878
596.96
598.249
598.662
598.663
599.211
599.501
599.959
601.376
601.476
601.506
601.541
602.596
602.669
602.687
603.334
603.919
604.044
604.163
604.701
605.53
605.757
606.029
606.249
606.881
607.192
608.446
609.719
609.799
609.803
610.528
610.855
610.878
610.897
611.266
613.644
614.468
614.54
615.115
616.408
618.678
619.0
619.378
619.495
621.042
621.099
622.72
623.55
623.768
625.598
626.821
628.427
629.64
630.144
630.202
630.302
632.642
632.749
633.874
634.609
635.495
637.028
637.067
637.352
637.777
638.212
638.986
639.356
639.635
640.084
640.806
640.864
641.561
641.975
642.068
642.286
643.419
643.444
643.952
643.959
644.266
645.091
645.471
646.507
646.514
647.806
648.161
649.486
649.901
650.796
651.524
652.783
653.659
653.931
654.082
655.323
655.337
655.626
655.738
657.221
657.341
657.688
657.98
658.036
658.237
659.213
659.556
660.023
660.626
660.722
660.952
661.135
661.457
661.821
662.463
663.2
664.939
665.077
665.221
666.015
666.447
666.503
666.917
669.336
669.485
669.987
670.45
670.929
671.222
671.246
671.77
672.622
672.671
672.746
674.263
678.602
679.03
679.255
679.258
679.949
679.963
680.281
680.706
682.194
683.838
684.686
684.75
685.04
685.802
685.817
686.917
687.334
687.883
688.631
688.769
689.025
689.439
689.936
690.054
690.19
691.7
691.929
692.704
694.116
694.384
694.393
694.89
695.384
695.517
695.747
696.44
697.26
697.642
697.649
698.453
698.643
699.038
699.842
700.309
700.519
700.525
701.28
701.619
701.986
703.02
704.647
704.933
705.283
705.645
705.97
706.958
707.793
708.312
708.93
710.028
710.496
710.847
711.879
712.391
712.586
712.69
713.645
714.885
715.848
717.348
717.4
717.759
718.082
719.718
720.038
721.619
722.567
723.384
724.149
724.243
724.589
725.218
726.274
727.693
728.705
728.934
729.057
729.715
730.143
730.545
730.676
731.91
732.44
732.751
732.936
733.777
734.541
736.761
736.934
737.266
737.353
738.356
738.836
740.218
740.27
740.694
740.816
741.362
741.705
742.193
742.745
742.839
744.585
744.742
745.903
746.221
746.561
746.577
746.944
747.124
747.216
747.596
747.693
748.292
748.411
749.17
749.208
749.383
749.601
749.797
750.204
750.609
750.744
751.103
751.85
752.02
752.744
752.977
753.118
753.384
754.979
755.263
755.713
755.825
755.989
757.795
757.93
758.779
759.634
759.751
760.81
761.79
761.798
762.041
762.189
762.809
763.301
763.772
764.163
764.745
764.983
765.223
765.939
766.216
766.395
766.472
767.258
767.452
767.609
768.786
771.265
771.39
771.726
772.502
772.613
773.018
773.728
773.735
774.147
774.169
774.582
775.381
777.484
777.545
778.951
781.498
783.336
785.058
785.172
785.365
787.059
787.412
787.462
787.815
788.3
788.855
789.821
790.187
790.321
791.892
792.387
793.06
794.684
795.041
795.848
796.152
796.486
796.549
796.593
798.11
798.711
800.979
801.322
802.17
802.377
803.342
804.032
804.763
805.439
805.668
805.896
805.948
806.463
808.058
808.38
808.608
809.127
809.347
809.579
809.593
809.619
810.633
810.724
810.94
811.05
812.507
812.546
813.436
814.227
814.311
814.882
815.173
816.61
816.715
816.989
817.006
817.467
817.531
817.85
818.306
820.451
820.876
821.582
821.744
822.478
822.77
824.332
825.326
825.44
825.673
828.284
828.853
829.219
830.307
831.076
831.434
831.789
833.02
835.113
835.128
835.603
835.698
835.938
836.565
836.986
837.162
837.6
837.795
840.647
841.317
841.352
841.854
842.345
842.389
842.522
842.761
843.373
843.584
844.294
845.189
845.673
846.147
846.631
848.677
849.744
850.374
851.653
852.416
852.483
852.609
853.304
853.641
853.842
853.887
855.145
855.784
856.532
856.712
857.864
857.954
858.56
858.77
858.882
858.938
859.842
860.621
861.001
861.262
861.813
862.639
865.297
865.732
866.057
866.783
867.393
868.165
868.341
868.474
869.853
870.099
871.131
871.172
871.568
871.929
872.691
872.783
873.956
873.983
874.394
874.85
876.235
877.479
877.858
878.171
879.229
879.356
879.496
879.632
880.977
881.11
881.228
881.738
881.746
882.128
882.796
884.176
884.774
885.049
885.34
886.754
890.694
890.986
891.13
891.327
891.485
892.425
892.907
894.217
894.567
895.482
895.699
895.757
895.78
895.811
896.439
897.429
897.688
897.935
898.622
900.156
900.213
900.315
900.71
901.429
901.813
903.747
903.792
904.194
904.299
904.712
905.741
906.594
906.752
907.923
908.592
908.967
909.956
910.834
910.895
912.331
912.675
912.864
913.779
913.9
914.406
915.263
916.564
916.717
916.907
917.393
919.383
919.547
922.013
922.191
922.338
922.65
922.696
922.837
923.355
923.473
924.144
924.287
925.728
926.09
927.041
927.644
927.763
928.113
928.176
928.855
930.303
930.459
931.229
932.413
932.696
936.067
936.371
937.526
937.946
938.008
939.037
939.665
939.698
940.514
940.574
941.266
942.311
943.926
944.958
946.283
946.495
946.69
946.801
947.506
948.637
950.667
951.168
952.229
952.499
953.393
954.488
954.994
955.51
955.522
955.637
956.715
957.524
958.357
958.45
958.579
958.602
958.963
960.177
960.32
960.611
960.675
961.035
964.821
966.885
967.155
968.141
969.421
970.929
972.759
972.78
973.013
973.755
975.082
979.08
979.591
980.432
981.391
981.768
982.2
982.209
982.217
982.335
982.861
983.352
983.365
984.053
984.629
984.639
985.99
986.053
986.215
987.704
987.76
988.6
989.045
989.222
989.272
989.326
989.464
990.007
990.144
991.468
991.77
992.648
992.724
993.471
993.538
994.194
994.297
994.555
995.172
995.948
996.194
996.234
996.359
996.437
997.467
997.482
1000.313
1000.397
1001.218
1001.314
1001.539
1002.575
1003.303
1003.392
1003.678
1004.19
1004.86
1005.286
1006.52
1006.776
1007.579
1007.69
1008.879
1009.473
1009.484
1011.637
1012.469
1012.694
1013.626
1014.249
1015.481
1015.86
1016.633
1018.058
1018.211
1019.137
1020.192
1020.416
1022.937
1023.039
1023.529
1023.749
1024.065
1025.626
1026.738
1027.207
1027.325
1029.041
1029.137
1029.235
1029.564
1029.753
1030.767
1030.893
1031.614
1032.076
1032.413
1032.837
1035.523
1035.742
1035.764
1035.777
1035.865
1036.142
1036.784
1037.709
1038.016
1038.241
1038.908
1039.425
1039.895
1041.348
1041.478
1041.64
1042.431
1044.254
1045.512
1045.667
1045.855
1045.918
1046.604
1048.652
1049.859
1050.095
1050.349
1050.544
1051.172
1051.188
1051.777
1051.962
1053.688
1054.843
1056.158
1056.402
1056.51
1056.761
1057.465
1059.454
1059.629
1059.769
1059.822
1063.787
1064.148
1064.207
1064.299
1064.393
1064.528
1066.011
1066.115
1066.206
1066.697
1067.118
1067.561
1068.444
1068.497
1068.501
1068.853
1069.618
1069.809
1069.868
1070.933
1070.951
1072.091
1072.182
1072.981
1073.555
1073.648
1073.736
1073.809
1073.833
1075.72
1076.537
1076.578
1076.727
1077.315
1078.557
1078.574
1079.272
1079.848
1080.174
1080.412
1081.164
1081.2
1082.342
1082.473
1082.547
1082.719
1082.772
1082.84
1083.255
1084.482
1085.526
1086.972
1091.75
1091.807
1092.087
1092.195
1092.389
1092.978
1093.904
1094.068
1094.38
1094.721
1094.912
1095.789
1095.821
1096.28
1096.408
1096.893
1097.215
1098.21
1098.333
1098.611
1099.003
1099.206
1100.211
1101.691
1101.941
1102.377
1104.225
1104.252
1104.573
1104.777
1104.837
1106.092
1106.191
1106.395
1106.666
1106.668
1109.135
1109.65
1109.75
1110.308
1111.269
1111.406
1114.501
1114.652
1115.211
1115.436
1116.464
1116.727
1117.658
1118.166
1118.492
1118.921
1119.338
1119.38
1119.993
1120.05
1120.352
1120.606
1121.104
1121.137
1121.391
1121.57
1122.26
1123.072
1123.901
1124.305
1124.959
1125.042
1125.379
1129.485
1129.572
1129.739
1130.602
1131.273
1131.721
1132.094
1132.273
1133.591
1134.514
1134.989
1135.265
1136.027
1136.735
1136.814
1136.887
1136.978
1139.384
1139.588
1140.502
1143.332
1143.409
1143.723
1143.861
1143.921
1144.798
1144.856
1145.438
1145.868
1146.118
1146.912
1146.99
1147.436
1148.652
1148.709
1148.736
1149.129
1149.655
1149.775
1150.541
1155.91
1156.354
1157.46
1157.476
1158.076
1159.302
1159.367
1159.381
1160.965
1161.27
1162.631
1163.052
1163.131
1164.432
1164.511
1164.754
1165.871
1166.361
1166.404
1169.388
1169.407
1169.449
1170.333
1170.398
1170.618
1170.804
1171.404
1172.31
1172.435
1172.537
1173.637
1174.575
1175.311
1175.401
1177.681
1178.397
1178.951
1179.999
1182.941
1183.031
1183.141
1183.171
1185.241
1186.132
1186.74
1187.094
1187.372
1187.591
1188.213
1188.3
1189.753
1189.979
1190.533
1191.497
1191.583
1194.217
1194.783
1194.952
1195.266
1195.618
1195.87
1197.548
1197.955
1198.89
1200.035
1201.163
1201.549
1201.832
1202.017
1202.619
1204.512
1205.235
1206.625
1207.208
1207.449
1207.766
1208.744
1209.25
1209.855
1210.238
1210.259
1210.556
1211.773
1215.14
1215.596
1215.625
1215.833
1216.679
1217.511
1218.061
1218.099
1219.673
1221.448
1221.602
1221.639
1222.586
1222.717
1224.152
1224.185
1224.27
1224.67
1224.75
1225.617
1225.949
1226.804
1227.377
1227.648
1227.936
1228.031
1228.08
1228.382
1229.624
1230.552
1231.288
1231.515
1231.969
1233.518
1234.31
1234.344
1234.448
1235.968
1238.462
1239.455
1239.594
1240.745
1241.339
1241.598
1241.694
1241.756
1242.825
1242.875
1243.522
1244.441
1244.607
1244.879
1246.813
1247.13
1247.762
1248.087
1248.142
1248.282
1249.101
1249.444
1253.262
1253.286
1253.764
1253.778
1254.389
1256.34
1256.44
1257.699
1258.52
1258.641
1259.071
1259.648
1260.755
1261.565
1262.161
1263.84
1264.777
1264.971
1265.066
1266.685
1269.257
1269.74
1269.981
1270.324
1270.475
1270.768
1271.421
1272.188
1272.613
1274.367
1274.861
1275.806
1277.091
1277.573
1277.844
1278.858
1279.961
1280.796
1281.046
1281.779
1283.843
1284.044
1286.395
1287.266
1289.075
1289.319
1289.973
1290.949
1291.066
1291.246
1291.524
1291.641
1293.079
1293.411
1294.021
1294.592
1294.633
1296.08
1296.688
1297.49
1298.097
1298.832
1299.029
1299.152
1300.019
1300.474
1301.806
1301.934
1302.006
1302.066
1303.879
1303.879
1304.44
1304.978
1305.009
1305.366
1305.55
1305.794
1306.613
1306.636
1306.775
1307.141
1307.236
1307.313
1308.673
1309.657
1310.201
1310.717
1311.346
1312.433
1312.497
1313.632
1314.338
1314.756
1314.85
1315.575
1316.657
1317.008
1317.327
1317.368
1318.516
1318.545
1318.765
1319.615
1319.633
1320.052
1321.373
1321.623
1321.679
1322.116
1322.846
1323.433
1323.854
1324.998
1325.959
1325.978
1326.358
1326.747
1327.255
1328.131
1328.897
1328.966
1331.651
1331.673
1332.38
1332.522
1332.655
1333.085
1334.125
1334.471
1334.6
1334.609
1336.135
1336.483
1336.924
1337.497
1338.089
1338.516
1338.552
1338.681
1338.7
1342.698
1342.9
1342.987
1343.211
1343.777
1344.34
1345.604
1346.78
1346.901
1346.92
1346.926
1347.396
1349.724
1351.037
1351.254
1352.277
1352.803
1352.829
1355.308
1355.395
1355.413
1356.946
1357.997
1358.44
1360.043
1360.154
1360.292
1361.164
1361.86
1363.048
1365.155
1365.316
1366.033
1366.086
1367.981
1368.126
1370.431
1370.611
1371.134
1371.441
1373.327
1374.043
1374.062
1374.641
1374.712
1374.841
1376.513
1376.649
1377.041
1377.781
1378.076
1378.806
1379.191
1379.627
1380.073
1380.081
1380.281
1381.326
1381.482
1382.629
1383.036
1383.068
1384.555
1384.835
1385.333
1386.476
1388.676
1388.858
1388.962
1390.247
1390.289
1391.067
1392.089
1392.865
1395.79
1395.806
1396.787
1397.259
1397.409
1397.593
1398.011
1398.182
1399.648
1399.873
1400.472
1400.65
1401.17
1401.353
1401.684
1402.011
1402.4
1403.386
1404.709
1405.179
1406.042
1406.133
1406.496
1406.959
1409.145
1409.388
1410.998
1412.985
1413.356
1413.562
1413.802
1413.871
1415.563
1415.619
1416.166
1417.904
1418.767
1418.833
1419.016
1420.424
1420.623
1420.663
1421.559
1421.872
1421.964
1422.042
1423.086
1423.464
1424.035
1424.238
1425.112
1425.419
1426.414
1426.987
1427.009
1427.491
1428.432
1428.758
1429.237
1429.591
1429.972
1430.193
1431.372
1431.834
1432.06
1433.157
1433.347
1433.457
1433.483
1433.921
1434.128
1434.756
1434.864
1435.38
1435.574
1435.784
1436.717
1437.614
1438.199
1438.8
1439.864
1440.452
1440.851
1441.326
1441.327
1442.085
1442.247
1442.584
1442.827
1444.342
1444.509
1446.215
1446.225
1448.028
1448.24
1448.671
1448.733
1449.079
1449.212
1449.833
1450.401
1451.889
1452.537
1452.738
1452.768
1452.858
1452.983
1454.906
1455.323
1455.45
1455.562
1455.914
1456.558
1456.819
1457.092
1457.806
1458.502
1458.51
1459.424
1461.361
1461.969
1462.02
1463.974
1464.256
1464.274
1464.422
1465.373
1465.57
1466.74
1470.469
1471.229
1472.623
1473.143
1474.074
1474.518
1474.566
1475.038
1475.928
1476.195
1476.474
1478.153
1478.278
1478.499
1478.721
1479.287
1479.785
1482.732
1482.79
1483.243
1483.562
1483.904
1484.253
1484.473
1484.729
1484.749
1486.154
1487.155
1487.522
1487.694
1488.62
1489.223
1489.61
1489.67
1489.676
1491.95
1492.643
1493.83
1496.238
1496.959
1497.669
1498.379
1498.812
1498.874
1500.103
1500.633
1501.212
1501.538
1502.394
1503.495
1504.037
1504.147
1505.883
1507.235
1510.076
1510.204
1510.456
1511.491
1511.51
1513.085
1513.54
1514.276
1515.003
1516.252
1517.169
1517.659
1518.327
1518.566
1518.831
1519.243
1521.164
1521.309
1521.983
1523.44
1525.826
1525.85
1525.916
1526.832
1526.875
1528.122
1528.582
1528.652
1528.875
1530.777
1531.95
1532.406
1532.42
1532.786
1534.017
1534.074
1535.299
1536.599
1537.778
1538.159
1538.279
1538.319
1538.661
1539.761
1540.439
1541.736
1541.927
1545.28
1547.061
1547.078
1547.739
1548.216
1548.878
1550.212
1550.287
1550.677
1551.751
1553.139
1553.772
1553.785
1554.971
1555.239
1556.116
1556.913
1557.069
1557.72
1558.439
1558.874
1559.444
1559.969
1560.461
1560.481
1560.964
1561.128
1562.026
1563.137
1563.413
1563.865
1564.312
1564.592
1565.379
1566.477
1566.627
1566.647
1569.959
1570.247
1570.448
1570.518
1571.322
1571.858
1573.01
1573.096
1573.26
1573.984
1574.004
1575.92
1579.316
1580.314
1581.082
1581.131
1581.757
1583.167
1583.681
1584.264
1585.02
1585.729
1586.44
1586.613
1587.758
1587.812
1588.445
1588.499
1588.728
1590.105
1591.36
1591.411
1592.944
1593.339
1593.377
1593.619
1593.809
1593.901
1594.79
1594.894
1595.028
1596.367
1597.133
1597.233
1598.35
1599.05
1599.752
1600.26
1600.592
1600.609
1600.721
1602.522
1603.16
1603.989
1604.857
1604.884
1604.905
1606.375
1608.27
1608.523
1608.82
1609.603
1609.625
1610.2
1611.147
1611.744
1612.159
1612.992
1613.128
1614.235
1615.664
1615.727
1615.8
1617.766
1619.391
1620.681
1624.17
1624.793
1626.027
1626.091
1626.91
1628.052
1629.132
1629.198
1629.42
1629.51
1629.537
1629.574
1630.347
1632.238
1636.724
1636.871
1637.585
1637.769
1638.69
1638.94
1640.343
1641.469
1641.736
1642.063
1642.646
1643.064
1643.605
1644.484
1645.038
1645.17
1645.377
1645.819
1646.386
1648.45
1648.58
1649.994
1650.833
1651.885
1652.117
1652.448
1652.59
1655.538
1656.328
1656.387
1656.727
1656.906
1656.972
1657.501
1657.967
1658.096
1658.256
1660.281
1660.361
1660.935
1661.883
1663.906
1666.882
1667.11
1669.371
1669.529
1671.722
1672.344
1672.491
1672.885
1673.664
1673.923
1674.244
1674.588
1674.979
1675.552
1676.828
1678.09
1678.193
1679.089
1679.291
1680.553
1680.983
1682.291
1682.603
1684.666
1684.829
1684.979
1686.114
1686.353
1687.105
1688.07
1688.683
1688.98
1690.217
1692.744
1692.871
1693.243
1693.899
1694.091
1694.846
1695.745
1696.095
1696.191
1696.802
1697.379
1698.142
1698.404
1698.498
1698.975
1699.736
1700.009
1700.802
1700.948
1701.282
1701.37
1702.055
1702.644
1702.909
1704.048
1704.235
1704.937
1705.924
1706.038
1706.538
1708.566
1708.571
1709.68
1711.246
1712.127
1712.656
1713.199
1713.694
1714.177
1714.331
1714.436
1714.596
1714.965
1715.345
1715.491
1715.604
1717.569
1717.606
1717.999
1718.299
1718.766
1718.816
1719.753
1720.488
1721.526
1721.905
1721.985
1722.287
1723.444
1726.751
1726.894
1727.419
1730.243
1731.152
1731.713
1731.804
1734.344
1735.049
1735.624
1737.023
1738.189
1738.331
1738.747
1739.024
1739.6
1740.928
1741.006
1742.131
1742.934
1744.041
1744.479
1744.82
1744.858
1744.864
1745.125
1745.53
1747.291
1747.328
1747.49
1751.161
1751.413
1751.852
1752.177
1754.627
1754.905
1755.188
1756.145
1757.462
1758.483
1760.198
1761.095
1761.588
1762.676
1763.098
1763.375
1763.463
1765.459
1765.686
1769.075
1770.164
1770.627
1771.233
1772.239
1772.473
1775.311
1775.705
1775.966
1776.114
1777.583
1777.607
1777.68
1777.921
1777.964
1778.431
1779.388
1780.399
1780.533
1781.336
1781.574
1784.112
1784.452
1784.787
1784.969
1785.271
1787.278
1787.714
1788.383
1789.898
1791.251
1792.977
1796.042
1796.1
1797.311
1797.391
1797.507
1797.623
1797.956
1798.922
1801.012
1801.062
1801.267
1801.807
1803.175
1805.65
1805.849
1806.533
1806.967
1808.891
1810.185
1810.302
1811.705
1811.846
1812.503
1812.61
1813.091
1813.473
1813.511
1816.421
1817.219
1817.344
1819.37
1819.764
1820.069
1820.075
1820.152
1820.243
1821.233
1821.782
1822.48
1822.776
1824.445
1825.472
1825.531
1825.886
1827.688
1827.738
1828.362
1828.47
1828.695
1828.738
1829.759
1831.561
1832.596
1833.509
1834.928
1835.01
1836.165
1836.759
1837.38
1837.426
1838.012
1838.135
1838.681
1839.868
1840.724
1841.011
1841.828
1842.141
1842.416
1842.444
1844.262
1846.923
1847.062
1847.34
1848.274
1849.451
1849.761
1850.249
1850.259
1850.798
1851.749
1852.622
1852.638
1853.959
1854.31
1855.384
1855.82
1856.01
1856.376
1858.334
1858.476
1859.383
1859.928
1860.504
1862.165
1862.725
1863.232
1863.76
1864.748
1864.866
1868.074
1868.869
1868.973
1869.004
1869.085
1869.471
1869.541
1873.635
1873.667
1873.678
1874.322
1874.832
1876.095
1876.983
1877.03
1877.438
1877.495
1877.616
1878.204
1879.069
1879.409
1881.475
1881.567
1882.727
1882.97
1883.284
1883.936
1884.744
1886.389
1888.64
1891.046
1893.437
1893.668
1894.913
1895.322
1895.421
1895.583
1895.785
1896.24
1896.999
1897.018
1898.275
1901.942
1902.146
1902.153
1902.497
1902.933
1903.209
1903.816
1905.428
1905.878
1906.314
1907.006
1908.033
1908.16
1908.344
1908.8
1911.054
1912.404
1914.255
1914.653
1915.129
1915.706
1917.605
1919.14
1920.824
1920.956
1921.193
1921.233
1921.715
1922.055
1923.943
1924.29
1924.541
1925.143
1925.186
1926.33
1927.351
1927.616
1928.308
1928.417
1929.735
1930.405
1930.447
1930.719
1930.986
1931.36
1932.436
1933.315
1935.049
1935.452
1936.135
1936.447
1937.176
1937.274
1937.672
1938.562
1938.572
1938.753
1938.828
1939.192
1939.503
1939.771
1940.115
1940.149
1941.08
1941.225
1941.333
1941.388
1943.269
1945.043
1945.461
1945.685
1946.2
1946.79
1946.957
1947.453
1948.355
1949.441
1950.234
1950.279
1951.29
1953.184
1953.503
1953.69
1954.652
1955.751
1955.888
1956.506
1956.974
1957.416
1958.427
1959.247
1959.856
1960.09
1961.268
1961.663
1962.748
1964.114
1964.617
1966.28
1966.34
1966.713
1966.896
1967.308
1967.829
1968.074
1968.301
1968.758
1970.342
1971.565
1971.809
1971.899
1972.024
1972.028
1972.184
1972.232
1973.037
1975.076
1975.503
1975.615
1976.208
1977.025
1977.077
1977.416
1978.351
1978.775
1979.641
1980.52
1980.699
1981.02
1981.147
1981.916
1984.142
1984.563
1986.898
1987.125
1987.47
1988.726
1989.389
1990.015
1990.449
1991.457
1991.537
1991.68
1992.056
1992.618
1994.662
1994.867
1995.17
1995.22
1996.217
1996.326
1996.497
1997.112
1997.335
1998.319
2000.305
2001.395
2001.619
2002.156
2002.447
2002.478
2004.363
2004.998
2007.093
2008.279
2008.529
2010.034
2010.102
2011.088
2011.308
2011.877
2012.332
2012.835
2013.008
2015.088
2015.344
2016.279
2016.316
2016.762
2017.863
2018.321
2018.747
2019.879
2020.641
2022.491
2022.746
2023.752
2024.058
2025.578
2025.695
2025.794
2026.219
2026.715
2028.733
2029.243
2029.411
2034.974
2036.287
2036.332
2037.664
2038.221
2038.653
2038.899
2039.135
2040.512
2040.855
2041.981
2042.026
2042.141
2042.841
2043.053
2043.175
2043.81
2044.625
2044.902
2046.965
2047.976
2048.031
2048.395
2049.139
2050.246
2050.905
2052.084
2052.541
2052.677
2053.325
2055.261
2055.673
2055.694
2055.759
2056.499
2059.248
2059.561
2060.686
2061.551
2061.614
2062.075
2062.881
2063.113
2063.935
2064.573
2065.874
2066.324
2067.044
2068.155
2069.247
2069.547
2070.283
2071.95
2072.949
2073.139
2073.725
2074.983
2075.039
2075.636
2076.514
2077.25
2077.356
2079.065
2079.114
2079.655
2079.993
2080.342
2080.618
2080.752
2080.923
2080.976
2081.2
2081.442
2081.592
2081.761
2081.922
2082.199
2084.132
2085.125
2085.667
2085.704
2085.958
2086.714
2088.726
2090.099
2090.139
2090.549
2091.591
2092.917
2093.375
2093.425
2094.859
2096.101
2097.241
2098.754
2099.572
2100.014
2100.192
2100.865
2100.879
2101.693
2101.921
2102.493
2103.507
2104.007
2104.098
2104.385
2105.168
2105.324
2106.804
2107.334
2109.725
2110.263
2110.483
2111.384
2112.205
2112.588
2112.712
2112.877
2113.565
2114.057
2114.662
2116.144
2116.518
2118.166
2118.407
2122.932
2123.089
2123.434
2123.594
2124.017
2125.02
2125.331
2127.317
2127.64
2127.783
2128.309
2128.466
2129.571
2130.033
2130.625
2130.787
2131.373
2132.948
2133.724
2133.786
2134.139
2134.428
2135.312
2136.053
2137.252
2137.319
2137.74
2138.736
2139.411
2139.75
2141.199
2142.727
2143.026
2143.958
2144.725
2145.724
2146.256
2147.098
2147.128
2147.176
2147.414
2149.509
2149.862
2150.305
2151.402
2151.467
2152.632
2152.758
2156.094
2157.208
2157.548
2157.696
2158.869
2159.057
2159.243
2159.624
2160.357
2160.856
2161.818
2161.849
2162.518
2163.209
2165.442
2165.61
2166.668
2172.814
2172.877
2173.067
2173.268
2173.443
2173.496
2174.996
2175.633
2175.719
2176.831
2177.462
2177.469
2178.948
2180.035
2181.411
2182.219
2182.325
2184.091
2185.095
2185.152
2186.274
2186.439
2187.97
2189.657
2190.017
2190.837
2191.639
2191.647
2192.264
2192.756
2193.366
2193.621
2193.7
2194.091
2195.074
2195.961
2196.089
2196.123
2197.233
2198.036
2198.749
2199.141
2199.491
2199.758
2200.091
2200.695
2200.738
2200.837
2203.89
2206.065
2206.353
2207.296
2207.374
2208.064
2211.911
2214.334
2215.496
2216.312
2216.847
2218.456
2218.848
2221.597
2223.246
2224.281
2224.404
2224.542
2224.82
2225.434
2225.513
2225.886
2225.986
2226.764
2226.857
2229.203
2229.907
2230.845
2231.549
2231.751
2235.226
2235.333
2236.321
2237.297
2237.989
2238.434
2239.534
2240.029
2240.061
2240.989
2241.623
2242.441
2244.709
2245.72
2246.468
2246.472
2246.557
2247.954
2248.391
2248.568
2250.109
2250.92
2250.942
2251.884
2253.779
2254.094
2254.792
2256.044
2256.094
2256.316
2258.315
2259.411
2260.049
2261.773
2261.921
2263.314
2263.827
2264.972
2266.039
2268.601
2269.755
2272.879
2273.053
2274.974
2275.567
2275.922
2278.114
2280.98
2283.295
2284.707
2284.872
2285.082
2285.316
2285.452
2287.743
2288.204
2289.179
2289.443
2292.14
2293.715
2293.73
2297.347
2298.413
2298.59
2299.451
2299.922
2301.269
2301.809
2302.731
2304.208
2304.489
2304.886
2305.071
2305.22
2305.453
2306.222
2308.153
2308.339
2312.336
2312.414
2312.72
2313.802
2316.591
2318.815
2319.043
2319.392
2320.532
2321.904
2321.94
2323.772
2325.731
2326.391
2327.704
2328.461
2328.852
2329.154
2329.349
2329.585
2329.827
2330.291
2330.832
2330.998
2333.697
2334.257
2334.553
2336.251
2337.117
2339.633
2339.706
2340.108
2342.672
2343.204
2344.248
2345.287
2346.389
2346.715
2346.744
2346.929
2347.4
2347.779
2348.997
2350.126
2350.515
2351.846
2352.45
2354.464
2355.008
2355.102
2355.723
2355.861
2355.907
2356.304
2356.858
2356.887
2357.019
2357.874
2357.992
2358.467
2358.742
2359.085
2360.357
2360.75
2361.236
2361.982
2365.545
2365.553
2366.279
2366.46
2367.327
2369.54
2370.153
2370.513
2370.942
2370.996
2371.382
2371.791
2373.573
2376.27
2377.089
2377.605
2377.647
2377.893
2377.932
2381.568
2382.415
2383.727
2385.583
2386.422
2386.906
2387.147
2389.25
2389.478
2391.944
2391.951
2392.744
2393.33
2393.561
2393.75
2394.162
2394.506
2395.617
2396.122
2396.886
2397.691
2397.744
2397.766
2397.777
2398.09
2398.163
2398.781
2398.869
2401.868
2403.016
2403.171
2403.238
2403.585
2404.29
2404.664
2404.76
2405.479
2405.839
2407.396
2408.483
2410.852
2413.24
2413.332
2414.363
2416.253
2416.365
2416.561
2418.05
2419.067
2420.114
2422.151
2422.538
2423.598
2424.374
2424.535
2424.754
2424.97
2425.722
2426.044
2426.258
2426.44
2427.447
2428.261
2429.959
2430.217
2430.261
2430.904
2431.653
2431.82
2431.867
2432.202
2432.415
2432.437
2432.475
2432.75
2433.303
2435.604
2438.139
2439.217
2439.603
2440.507
2441.171
2442.827
2442.902
2443.069
2444.352
2444.703
2444.861
2444.903
2445.318
2445.945
2449.973
2450.949
2452.199
2452.952
2453.819
2455.541
2456.15
2457.197
2458.425
2458.514
2459.579
2460.888
2460.915
2461.496
2463.157
2463.54
2464.961
2465.271
2465.737
2466.598
2467.037
2467.626
2467.653
2467.676
2468.023
2468.51
2468.789
2470.506
2471.158
2472.516
2472.858
2474.6
2474.652
2474.816
2475.83
2475.944
2476.291
2476.779
2477.343
2477.559
2478.149
2478.414
2478.712
2479.461
2479.619
2480.182
2482.357
2482.686
2483.234
2484.215
2484.9
2486.207
2486.736
2488.507
2489.242
2489.562
2489.564
2489.812
2490.2
2493.734
2494.993
2498.439
2498.468
2498.598
2498.726
2500.724
2501.205
2501.66
2503.15
2503.866
2504.187
2506.09
2507.77
2509.039
2511.627
2512.778
2513.018
2514.996
2515.38
2518.055
2518.465
2518.511
2520.931
2521.202
2522.48
2525.982
2526.422
2526.839
2527.818
2531.807
2533.268
2533.3
2533.516
2533.534
2533.624
2534.173
2535.472
2535.889
2536.148
2539.609
2540.673
2542.874
2543.414
2545.143
2547.034
2547.452
2547.571
2548.061
2548.087
2548.161
2548.338
2548.573
2549.814
2550.446
2551.603
2551.705
2551.782
2551.89
2552.369
2552.507
2554.23
2555.255
2556.23
2558.18
2560.387
2560.5
2561.198
2561.933
2562.332
2563.11
2563.625
2564.628
2565.225
2567.9
2568.027
2568.656
2569.355
2570.113
2570.216
2570.928
2571.748
2571.908
2573.339
2575.671
2575.833
2576.022
2576.148
2576.499
2577.374
2577.94
2578.698
2579.517
2579.707
2580.357
2581.477
2583.355
2585.2
2585.608
2586.803
2588.304
2589.129
2589.85
2589.86
2590.362
2591.114
2592.774
2593.387
2594.447
2594.519
2595.174
2596.971
2596.987
2597.917
2598.486
2598.896
2603.94
2606.052
2606.432
2607.002
2607.057
2607.293
2607.489
2607.999
2608.915
2609.609
2610.118
2610.898
2612.146
2612.435
2614.843
2614.915
2614.965
2615.992
2616.482
2618.033
2618.588
2619.707
2619.834
2619.875
2620.451
2621.808
2622.467
2622.473
2623.028
2624.041
2624.229
2624.607
2624.667
2625.363
2625.715
2626.13
2626.151
2626.173
2626.827
2628.379
2629.759
2630.448
2631.034
2631.452
2632.747
2633.219
2633.708
2634.027
2634.906
2635.31
2635.863
2636.149
2636.198
2636.575
2636.898
2637.163
2637.369
2637.497
2639.555
2640.807
2642.188
2642.735
2645.176
2645.301
2645.628
2645.635
2645.782
2645.827
2647.773
2648.101
2649.692
2650.812
2650.98
2651.205
2651.55
2651.909
2651.938
2651.983
2652.604
2654.057
2654.873
2655.699
2655.739
2655.847
2655.878
2656.699
2657.326
2657.776
2658.559
2660.232
2660.749
2661.631
2663.852
2663.993
2666.863
2668.398
2669.072
2669.223
2669.333
2670.553
2671.142
2671.208
2672.472
2672.636
2673.286
2676.317
2676.328
2676.563
2677.929
2678.644
2678.716
2678.788
2680.008
2685.394
2685.901
2687.274
2689.018
2689.679
2690.182
2690.508
2691.245
2691.545
2691.945
2691.958
2691.992
2696.197
2698.721
2699.083
2699.331
2700.2
2700.856
2702.69
2703.084
2709.759
2709.86
2710.395
2710.935
2712.518
2713.896
2715.873
2716.733
2717.136
2717.427
2718.465
2719.835
2720.177
2720.972
2721.101
2722.439
2723.01
2724.293
2724.921
2725.022
2725.496
2726.299
2727.217
2728.922
2729.247
2729.392
2729.501
2730.641
2731.633
2732.57
2734.921
2738.202
2738.873
2739.709
2741.353
2743.591
2743.847
2744.634
2745.915
2747.689
2748.379
2748.866
2749.761
2750.292
2750.674
2751.621
2752.315
2752.769
2754.281
2754.543
2754.97
2756.234
2757.563
2758.831
2761.015
2761.301
2762.205
2763.496
2763.86
2764.388
2764.398
2766.496
2767.022
2767.354
2770.946
2771.22
2771.254
2771.781
2773.083
2773.569
2774.224
2774.312
2774.637
2775.203
2775.21
2776.092
2776.184
2777.523
2778.118
2779.813
2780.391
2780.754
2781.31
2781.374
2781.727
2782.091
2782.724
2783.038
2785.381
2786.932
2789.413
2789.638
2789.99
2794.229
2794.776
2795.07
2797.537
2799.345
2801.306
2801.359
2801.466
2801.954
2802.674
2802.86
2803.547
2803.797
2804.124
2804.169
2808.534
2808.912
2808.913
2809.795
2809.858
2809.872
2810.11
2810.482
2811.723
2813.507
2814.8
2815.278
2815.282
2815.784
2818.269
2818.423
2819.502
2820.031
2820.317
2821.399
2821.496
2823.076
2824.056
2826.075
2826.438
2826.745
2827.383
2827.404
2827.555
2828.209
2828.878
2833.76
2836.132
2836.524
2836.866
2837.097
2837.822
2840.094
2840.161
2841.9
2844.655
2846.327
2846.573
2848.143
2848.146
2848.414
2848.996
2849.74
2850.606
2851.055
2851.941
2853.134
2854.36
2854.471
2855.189
2855.352
2855.62
2855.926
2856.714
2858.62
2860.404
2860.484
2860.679
2860.748
2861.528
2861.916
2862.318
2863.046
2863.254
2863.317
2864.013
2865.464
2866.139
2869.17
2870.637
2870.886
2870.982
2871.05
2872.258
2873.182
2873.556
2873.643
2876.044
2876.288
2877.191
2878.062
2879.524
2879.697
2881.022
2882.024
2882.647
2884.459
2885.27
2886.344
2886.578
2886.595
2887.703
2888.707
2889.995
2890.751
2890.969
2891.822
2892.956
2893.127
2894.241
2894.354
2894.99
2895.26
2895.716
2899.171
2899.453
2901.597
2901.656
2901.739
2902.531
2902.877
2903.538
2903.78
2904.265
2906.316
2910.592
2910.592
2911.97
2912.8
2913.185
2917.171
2917.942
2920.575
2920.902
2922.212
2923.921
2924.429
2926.184
2926.387
2926.661
2927.227
2928.024
2928.997
2930.31
2931.242
2933.114
2933.25
2939.121
2941.316
2943.629
2944.692
2944.789
2945.73
2945.933
2946.238
2947.179
2947.348
2950.538
2951.126
2951.4
2952.205
2953.161
2953.34
2954.222
2954.413
2954.487
2954.526
2955.842
2956.154
2958.009
2958.68
2958.8
2962.166
2963.854
2963.922
2971.277
2971.747
2971.889
2972.145
2972.283
2973.742
2973.978
2980.583
2981.017
2982.088
2982.765
2983.992
2984.18
2984.187
2984.279
2984.944
2987.814
2988.767
2989.251
2989.436
2991.653
2992.885
2993.905
2995.407
2997.202
2999.593
3000.242
3001.413
3002.56
3002.98
3003.189
3003.69
3004.19
3005.263
3005.293
3006.074
3006.232
3006.824
3007.332
3008.866
3008.906
3009.367
3011.147
3011.63
3011.744
3012.477
3012.573
3014.319
3014.43
3014.505
3016.633
3017.99
3019.783
3020.175
3020.54
3023.251
3023.46
3023.781
3025.186
3026.146
3027.735
3028.326
3030.5
3030.533
3031.52
3031.523
3031.834
3032.314
3033.158
3033.276
3033.891
3034.043
3034.181
3034.945
3035.458
3036.349
3036.591
3037.666
3038.071
3038.61
3039.042
3040.094
3041.05
3041.091
3041.981
3044.894
3045.401
3046.006
3046.876
3046.966
3047.565
3050.315
3050.548
3050.906
3054.898
3055.01
3055.721
3056.338
3056.902
3057.746
3057.855
3058.519
3058.539
3059.096
3059.282
3060.972
3060.985
3062.105
3064.907
3065.296
3066.347
3066.605
3066.696
3067.237
3068.591
3069.278
3069.288
3069.803
3070.528
3071.103
3071.325
3071.449
3072.57
3074.305
3074.415
3074.738
3075.051
3075.328
3077.393
3078.975
3080.451
3080.493
3081.069
3082.221
3082.438
3083.241
3083.315
3083.909
3085.639
3087.3
3087.808
3088.03
3088.614
3088.852
3089.193
3090.813
3093.055
3093.187
3093.431
3093.764
3094.312
3094.322
3094.388
3094.515
3094.55
3095.374
3095.664
3097.097
3097.549
3098.7
3099.458
3100.925
3101.836
3102.579
3103.23
3103.895
3104.963
3105.492
3107.755
3109.286
3109.454
3109.76
3112.347
3112.747
3114.529
3114.783
3117.716
3119.453
3120.108
3121.038
3122.664
3123.932
3124.596
3124.628
3124.839
3124.926
3125.198
3125.361
3127.018
3127.662
3128.802
3128.891
3130.157
3130.399
3131.852
3133.568
3136.694
3137.247
3138.638
3138.662
3139.413
3141.476
3145.798
3146.137
3148.101
3152.035
3153.284
3154.528
3154.972
3157.206
3158.623
3158.799
3159.03
3159.635
3159.847
3160.132
3160.15
3160.193
3160.378
3163.494
3163.561
3165.784
3167.748
3168.187
3169.021
3169.166
3172.368
3173.588
3173.799
3174.867
3175.019
3175.321
3176.083
3176.294
3176.727
3177.218
3177.705
3179.199
3180.17
3184.404
3184.808
3184.92
3186.142
3186.289
3186.771
3187.489
3187.765
3187.892
3187.974
3188.26
3188.608
3190.325
3191.663
3191.682
3193.915
3195.167
3200.64
3202.053
3203.457
3203.563
3203.692
3203.753
3203.771
3204.642
3204.699
3204.933
3205.46
3205.974
3207.272
3207.389
3208.471
3210.127
3210.628
3210.768
3212.304
3216.303
3218.169
3218.775
3218.93
3220.97
3223.374
3224.403
3226.174
3226.416
3226.519
3227.013
3227.338
3227.459
3228.325
3228.96
3229.312
3229.808
3230.796
3231.011
3231.62
3231.644
3231.779
3232.066
3232.116
3233.998
3235.072
3235.786
3236.069
3236.707
3236.751
3237.195
3237.904
3239.172
3239.258
3239.529
3241.419
3241.624
3241.956
3242.497
3243.431
3246.437
3247.952
3249.02
3249.078
3251.564
3252.55
3254.66
3254.901
3256.116
3257.332
3257.476
3258.827
3259.894
3260.24
3260.693
3261.47
3262.709
3263.424
3265.316
3267.266
3267.89
3269.126
3269.344
3270.041
3271.146
3271.426
3271.614
3272.647
3274.987
3275.605
3276.394
3276.719
3277.18
3278.425
3278.559
3279.028
3279.109
3281.238
3281.535
3284.906
3285.034
3287.543
3287.837
3287.872
3288.53
3289.233
3289.444
3292.324
3294.031
3296.699
3296.715
3297.844
3298.798
3299.83
3300.087
3302.264
3303.148
3303.208
3303.97
3304.4
3305.876
3306.349
3307.562
3309.761
3310.529
3310.99
3311.307
3311.644
3311.835
3312.249
3313.4
3314.538
3315.185
3315.476
3315.852
3315.934
3317.874
3319.552
3319.596
3320.034
3322.885
3325.828
3325.867
3325.981
3327.01
3329.123
3329.489
3330.043
3330.073
3330.085
3330.544
3333.657
3334.016
3336.567
3337.322
3339.256
3341.282
3342.904
3343.569
3345.174
3345.39
3345.695
3346.254
3347.054
3348.201
3348.312
3350.089
3350.451
3350.747
3356.125
3356.324
3356.62
3358.775
3359.233
3361.541
3362.153
3362.393
3362.855
3363.396
3364.949
3365.106
3366.205
3367.118
3367.847
3368.733
3372.967
3373.937
3374.005
3374.008
3377.273
3378.079
3379.949
3381.506
3381.701
3381.795
3382.87
3383.901
3385.013
3385.546
3386.194
3387.083
3387.642
3388.703
3388.918
3389.65
3392.497
3394.06
3395.249
3396.591
3397.325
3399.724
3401.487
3405.251
3405.581
3406.154
3408.437
3411.564
3412.341
3413.096
3415.081
3415.514
3417.078
3417.595
3418.297
3419.041
3419.051
3420.586
3421.048
3421.874
3421.91
3422.795
3422.808
3423.248
3424.025
3424.529
3426.755
3428.37
3429.132
3431.334
3433.05
3433.231
3434.16
3435.811
3436.026
3436.065
3436.745
3437.259
3437.439
3437.516
3437.532
3439.422
3440.4
3440.407
3441.019
3443.815
3444.152
3444.633
3445.165
3447.019
3448.293
3448.785
3451.35
3451.396
3452.317
3452.319
3452.755
3452.788
3453.302
3454.606
3454.933
3456.47
3456.735
3458.452
3458.87
3458.88
3460.5
3463.042
3463.867
3465.091
3465.47
3467.101
3468.306
3470.055
3470.373
3472.933
3473.226
3473.836
3476.318
3477.061
3477.116
3477.428
3478.136
3480.526
3481.206
3482.094
3483.832
3485.061
3485.329
3485.337
3485.422
3487.493
3489.3
3490.061
3491.036
3492.285
3492.536
3492.583
3493.243
3493.288
3493.546
3494.387
3494.49
3496.351
3496.369
3497.009
3497.574
3497.584
3497.859
3499.358
3501.855
3502.515
3503.248
3503.409
3505.211
3505.388
3507.209
3508.111
3508.348
3508.728
3508.971
3509.883
3512.897
3514.707
3515.102
3515.571
3516.456
3516.963
3517.721
3518.255
3519.963
3520.837
3521.056
3522.075
3522.673
3522.736
3522.796
3523.049
3524.966
3525.183
3528.21
3530.053
3531.695
3532.86
3534.136
3534.242
3535.919
3536.212
3537.863
3538.716
3540.699
3543.285
3543.983
3544.867
3545.711
3546.829
3547.155
3548.954
3550.713
3550.753
3551.061
3551.37
3553.073
3553.998
3554.218
3555.976
3556.579
3557.0
3558.701
3558.824
3559.403
3561.385
3564.034
3564.464
3565.143
3567.631
3567.954
3568.792
3570.263
3571.973
3573.258
3573.401
3574.284
3574.849
3575.247
3575.371
3575.674
3575.804
3576.84
3578.208
3580.347
3582.072
3583.807
3584.69
3585.024
3586.324
3587.076
3588.444
3591.008
3591.209
3592.151
3593.185
3594.807
3595.012
3595.078
3595.685
3598.494
3599.251
3599.805
3600.157
3603.022
3603.765
3604.384
3604.534
3604.851
3604.917
3606.28
3606.873
3607.276
3607.295
3608.246
3608.977
3612.623
3613.151
3613.547
3614.153
3614.412
3614.718
3614.866
3614.958
3618.715
3620.612
3624.28
3624.716
3625.339
3626.096
3626.93
3627.645
3627.942
3629.6
3630.142
3631.755
3631.882
3633.219
3634.566
3635.744
3635.94
3637.963
3638.852
3638.894
3643.72
3643.984
3644.408
3645.866
3648.886
3649.098
3650.596
3650.799
3651.219
3652.491
3652.499
3654.648
3654.684
3654.866
3655.087
3656.141
3656.645
3656.66
3659.443
3661.698
3662.188
3663.33
3667.358
3667.899
3668.304
3670.763
3670.843
3671.369
3671.686
3672.374
3673.954
3674.785
3676.137
3676.313
3676.823
3679.476
3682.572
3683.901
3684.046
3684.232
3685.409
3686.337
3686.69
3686.812
3687.197
3688.086
3689.096
3690.575
3690.615
3691.97
3692.237
3692.527
3693.679
3694.027
3694.188
3694.319
3695.952
3695.964
3696.968
3697.628
3697.953
3698.027
3698.322
3700.802
3700.912
3701.799
3702.275
3706.589
3706.708
3709.073
3709.106
3710.34
3710.841
3711.484
3711.753
3711.918
3714.483
3714.562
3715.232
3716.601
3716.75
3717.59
3718.5
3718.927
3719.212
3720.06
3720.068
3720.243
3720.772
3722.807
3725.95
3726.047
3726.308
3729.845
3730.31
3731.239
3731.628
3732.356
3733.885
3734.122
3735.448
3735.566
3736.466
3738.153
3738.841
3741.569
3741.816
3743.012
3743.494
3744.092
3745.413
3747.153
3747.323
3748.134
3748.607
3749.171
3751.096
3752.577
3753.221
3753.524
3753.692
3754.234
3754.375
3755.585
3756.446
3758.159
3758.822
3760.911
3761.75
3762.749
3762.903
3762.906
3764.846
3765.487
3766.744
3767.107
3767.153
3771.816
3774.274
3776.005
3776.042
3776.529
3776.975
3777.401
3778.051
3778.098
3778.219
3778.529
3779.981
3781.633
3782.417
3784.635
3784.671
3787.434
3788.348
3789.821
3791.446
3791.529
3793.86
3794.968
3796.481
3800.32
3802.794
3803.57
3803.683
3805.284
3806.688
3807.293
3807.354
3807.936
3808.633
3808.888
3809.48
3810.376
3812.131
3813.135
3813.802
3814.408
3815.147
3818.162
3818.999
3821.063
3821.279
3824.063
3824.324
3825.285
3826.127
3829.328
3831.744
3834.071
3835.185
3835.235
3835.542
3836.937
3837.034
3838.19
3838.415
3838.611
3839.333
3840.171
3840.655
3840.88
3841.602
3841.651
3843.002
3844.344
3845.266
3845.609
3846.514
3849.48
3850.419
3850.604
3851.615
3851.866
3852.4
3852.401
3852.675
3856.851
3857.414
3858.453
3858.532
3859.92
3859.977
3860.916
3863.829
3863.91
3865.727
3866.965
3868.626
3869.226
3871.588
3872.631
3874.085
3874.677
3875.63
3875.996
3877.009
3877.213
3878.107
3880.39
3880.568
3881.58
3882.095
3882.682
3884.932
3886.085
3886.759
3888.935
3889.723
3889.776
3890.668
3893.112
3895.022
3895.446
3896.417
3896.859
3898.63
3898.742
3899.598
3900.774
3901.333
3902.016
3903.234
3905.37
3905.663
3905.706
3907.092
3907.82
3908.316
3909.565
3911.695
3912.758
3913.488
3913.774
3915.31
3915.381
3915.947
3915.989
3916.815
3919.484
3920.496
3922.045
3923.869
3925.769
3926.339
3927.058
3927.452
3927.625
3927.882
3928.723
3929.031
3929.577
3930.934
3931.095
3932.194
3933.901
3934.145
3935.003
3937.204
3939.058
3939.775
3940.263
3940.349
3940.396
3942.274
3942.964
3944.974
3946.105
3946.805
3948.701
3950.183
3950.809
3950.944
3951.954
3953.501
3953.728
3954.197
3957.114
3958.429
3958.643
3959.045
3959.391
3959.927
3960.566
3961.381
3961.708
3962.193
3965.25
3965.892
3966.247
3966.47
3967.554
3968.011
3968.094
3969.276
3969.928
3972.197
3974.449
3976.988
3977.563
3978.348
3979.938
3982.8
3983.399
3985.947
3986.061
3986.213
3986.25
3988.184
3988.871
3990.222
3991.222
3992.273
3992.393
3992.551
3995.418
3996.429
3998.136
4000.014
4000.144
4004.95
4007.478
4009.57
4014.87
4014.978
4015.29
4015.564
4017.61
4017.823
4018.195
4018.979
4021.234
4021.694
4021.715
4022.217
4024.271
4024.958
4025.346
4025.955
4026.017
4026.108
4026.752
4027.864
4030.121
4030.661
4031.065
4032.308
4033.258
4034.146
4034.396
4034.811
4035.074
4035.572
4037.043
4037.154
4037.251
4039.819
4039.923
4040.081
4041.594
4041.636
4041.71
4042.65
4043.018
4047.311
4047.563
4047.593
4047.863
4048.005
4050.552
4051.798
4053.633
4054.355
4054.588
4056.625
4058.337
4058.397
4058.542
4058.659
4058.87
4060.911
4061.734
4061.968
4065.139
4065.867
4067.071
4067.159
4068.575
4071.533
4071.881
4073.838
4074.866
4076.662
4076.828
4076.947
4078.186
4078.231
4078.358
4079.367
4079.553
4079.592
4079.621
4081.135
4081.373
4083.62
4085.816
4088.115
4088.732
4089.832
4091.953
4091.965
4092.32
4092.379
4092.786
4093.105
4094.759
4095.431
4096.15
4096.283
4096.376
4098.461
4100.351
4100.418
4102.354
4102.681
4103.135
4103.571
4103.868
4103.883
4105.958
4106.873
4107.507
4107.517
4108.194
4108.464
4111.23
4113.515
4113.85
4116.227
4118.094
4118.993
4119.176
4119.608
4120.864
4120.911
4120.945
4122.464
4124.203
4127.008
4128.126
4130.651
4131.822
4132.788
4133.182
4135.018
4137.502
4138.138
4138.408
4138.469
4138.889
4139.161
4139.735
4140.515
4140.808
4141.314
4142.269
4142.667
4142.793
4144.283
4146.31
4146.704
4147.585
4152.629
4152.989
4153.889
4154.211
4154.555
4155.82
4158.496
4158.923
4159.5
4161.194
4162.517
4164.715
4167.534
4167.933
4170.515
4172.237
4173.573
4173.689
4180.25
4181.298
4181.919
4182.682
4183.894
4184.3
4184.838
4185.064
4187.799
4188.298
4190.144
4190.315
4190.343
4192.139
4194.804
4196.022
4199.101
4199.542
4201.472
4203.178
4204.702
4205.56
4206.794
4208.509
4209.787
4210.012
4211.121
4220.347
4220.582
4220.675
4220.716
4224.214
4224.756
4225.187
4226.68
4227.086
4227.341
4228.116
4230.009
4230.177
4233.503
4235.154
4235.946
4236.08
4239.322
4239.926
4241.604
4242.256
4244.685
4246.306
4246.707
4247.517
4250.361
4252.539
4253.022
4253.551
4254.021
4254.167
4254.531
4255.243
4256.409
4259.177
4259.899
4260.675
4260.862
4261.255
4261.484
4264.533
4264.984
4266.686
4267.42
4267.48
4268.47
4269.202
4271.743
4274.218
4275.21
4275.568
4277.231
4284.554
4285.424
4287.27
4287.664
4291.119
4291.451
4294.173
4294.74
4295.04
4295.508
4295.923
4298.809
4300.021
4300.149
4300.771
4301.525
4304.209
4305.804
4307.955
4309.123
4309.889
4310.785
4311.891
4313.68
4315.267
4315.391
4319.29
4321.307
4321.735
4324.035
4324.505
4325.713
4327.239
4327.929
4328.365
4328.766
4328.893
4331.363
4335.087
4336.242
4336.993
4337.585
4337.89
4337.948
4340.051
4346.502
4346.632
4347.082
4348.37
4348.399
4348.909
4349.759
4350.839
4350.946
4351.051
4355.5
4356.233
4356.937
4357.985
4358.009
4358.485
4358.692
4360.614
4361.412
4365.907
4366.553
4369.238
4369.436
4372.967
4373.794
4376.202
4377.393
4377.549
4377.987
4379.223
4380.252
4380.267
4380.725
4381.6
4382.254
4383.088
4383.498
4384.354
4387.355
4387.447
4387.483
4391.362
4391.913
4393.392
4397.63
4399.814
4399.826
4400.073
4400.672
4404.541
4404.999
4408.05
4409.298
4410.49
4410.889
4411.15
4412.284
4414.473
4415.118
4417.591
4418.77
4420.597
4420.851
4422.148
4422.529
4423.988
4424.998
4425.48
4427.119
4428.017
4428.525
4431.541
4435.566
4439.06
4441.398
4443.513
4446.34
4447.422
4447.825
4449.39
4449.641
4450.915
4451.44
4451.582
4452.292
4453.307
4453.459
4457.185
4457.703
4457.782
4458.11
4458.827
4460.23
4460.472
4464.957
4465.157
4465.544
4466.685
4468.4
4468.451
4468.781
4469.355
4471.193
4474.075
4474.143
4474.777
4474.793
4475.403
4476.162
4476.245
4477.11
4479.474
4479.969
4480.451
4481.192
4481.768
4484.114
4485.022
4485.049
4485.647
4486.462
4487.195
4487.307
4489.046
4489.23
4491.309
4492.623
4493.013
4493.315
4495.589
4497.03
4497.462
4497.774
4501.502
4504.418
4504.914
4506.825
4507.726
4511.012
4511.844
4512.862
4516.213
4517.221
4519.121
4523.199
4523.21
4523.989
4524.862
4526.53
4528.0
4528.048
4528.342
4531.393
4531.991
4534.71
4535.848
4538.76
4539.68
4541.766
4542.928
4543.446
4543.953
4545.638
4546.117
4546.226
4546.967
4547.398
4550.205
4551.143
4551.969
4552.251
4552.353
4554.38
4555.089
4556.902
4557.191
4557.222
4557.523
4557.734
4557.9
4558.073
4559.769
4562.626
4563.212
4563.639
4563.936
4564.866
4565.452
4566.518
4567.434
4571.354
4574.148
4575.197
4576.053
4576.688
4577.627
4579.893
4581.24
4581.649
4582.39
4583.359
4584.287
4585.919
4588.146
4590.255
4590.403
4591.953
4592.363
4594.549
4595.945
4596.499
4598.958
4599.737
4601.438
4601.872
4602.503
4603.582
4603.856
4608.625
4609.447
4613.59
4614.476
4617.604
4617.648
4618.956
4620.241
4620.62
4620.996
4621.903
4622.849
4624.394
4627.459
4628.441
4629.97
4631.494
4632.296
4632.699
4633.933
4638.773
4639.93
4640.452
4640.977
4641.123
4641.231
4641.697
4642.981
4643.391
4644.541
4644.682
4646.225
4647.303
4648.778
4652.245
4653.572
4653.724
4653.908
4656.252
4657.275
4657.461
4657.854
4657.906
4658.107
4659.53
4659.867
4662.785
4663.062
4666.271
4668.531
4668.566
4668.803
4669.344
4669.901
4669.991
4670.334
4671.929
4673.05
4674.397
4675.142
4679.136
4679.896
4681.667
4681.979
4682.276
4682.41
4685.411
4687.037
4688.61
4688.843
4689.664
4690.425
4691.681
4694.367
4698.882
4699.809
4699.838
4699.928
4700.659
4702.713
4702.793
4704.018
4707.018
4708.858
4709.377
4709.616
4710.712
4710.755
4711.699
4713.172
4713.563
4713.908
4716.528
4718.338
4720.023
4720.985
4722.169
4723.951
4725.343
4727.236
4727.469
4728.646
4728.817
4731.26
4732.626
4732.739
4734.64
4735.023
4736.077
4736.262
4738.346
4741.529
4741.664
4742.874
4743.515
4745.612
4746.214
4746.597
4752.177
4753.253
4753.592
4753.8
4755.245
4755.3
4755.759
4760.027
4762.551
4763.22
4763.232
4763.868
4765.525
4766.051
4766.052
4767.073
4767.649
4768.015
4769.235
4770.936
4773.027
4773.047
4773.426
4773.715
4773.953
4774.764
4776.211
4777.538
4780.897
4781.176
4781.859
4785.516
4787.459
4788.362
4788.407
4788.482
4789.207
4792.443
4793.827
4794.205
4795.305
4796.348
4797.023
4797.647
4798.372
4799.677
4800.52
4800.558
4802.564
4802.863
4809.736
4809.774
4810.681
4811.361
4813.655
4814.827
4817.365
4818.126
4818.339
4819.425
4820.138
4820.768
4822.177
4823.44
4826.714
4829.073
4832.33
4832.43
4832.985
4834.341
4837.361
4837.516
4837.889
4838.962
4841.278
4842.172
4842.738
4843.199
4843.53
4845.487
4845.734
4846.3
4850.479
4854.363
4855.833
4858.773
4859.083
4860.736
4861.538
4861.95
4862.18
4862.191
4863.954
4866.3
4866.74
4867.659
4869.206
4871.178
4872.84
4874.919
4877.776
4877.862
4879.736
4880.617
4881.101
4886.905
4887.184
4887.3
4890.173
4892.079
4894.211
4895.162
4895.71
4896.077
4896.112
4899.735
4900.281
4900.323
4901.748
4906.538
4908.568
4910.645
4914.069
4914.146
4915.553
4917.501
4918.862
4919.103
4919.777
4926.103
4927.657
4929.404
4929.597
4930.601
4932.026
4933.661
4933.754
4933.979
4936.046
4937.49
4937.58
4939.916
4940.562
4940.652
4940.759
4943.159
4944.833
4945.341
4946.655
4948.823
4949.199
4949.671
4950.809
4952.754
4953.465
4954.104
4954.582
4954.733
4959.006
4959.799
4964.991
4966.296
4966.666
4966.871
4967.986
4968.398
4969.358
4969.807
4971.665
4972.732
4972.759
4972.953
4975.123
4975.418
4977.175
4977.82
4983.091
4983.989
4988.359
4988.516
4988.927
4989.185
4990.344
4992.014
4992.163
4993.906
4997.078
4997.318
4998.399
4999.593
5002.368
5005.376
5006.177
5006.342
5006.603
5008.015
5008.703
5009.12
5011.796
5013.828
5014.918
5017.546
5018.237
5021.455
5023.281
5025.626
5025.633
5025.908
5026.109
5027.777
5028.137
5030.047
5031.324
5036.992
5037.955
5038.437
5044.26
5049.57
5051.504
5053.0
5053.687
5053.872
5054.795
5054.936
5056.828
5061.02
5064.99
5067.314
5069.646
5070.708
5070.826
5072.724
5074.424
5074.972
5075.348
5076.068
5076.822
5077.418
5077.78
5079.459
5084.588
5086.945
5087.38
5087.458
5088.062
5091.683
5093.495
5094.51
5095.845
5096.053
5097.954
5098.802
5098.818
5099.837
5101.05
5101.573
5101.576
5102.853
5102.968
5104.402
5104.749
5105.11
5105.89
5106.473
5106.924
5107.874
5109.101
5111.739
5113.213
5116.484
5117.623
5118.778
5121.316
5121.625
5122.712
5122.746
5124.102
5125.695
5127.444
5130.777
5130.793
5131.868
5131.951
5132.244
5134.097
5134.324
5135.486
5140.573
5143.379
5144.557
5145.305
5146.375
5148.072
5149.901
5150.078
5150.68
5155.067
5157.14
5159.439
5160.985
5161.9
5162.603
5162.78
5162.942
5164.109
5164.678
5164.908
5164.933
5168.722
5170.139
5172.98
5173.023
5174.122
5174.165
5174.691
5175.546
5175.986
5178.096
5178.962
5179.127
5182.293
5183.495
5185.291
5187.43
5187.66
5189.192
5190.365
5190.65
5196.067
5196.792
5196.913
5201.531
5203.617
5204.716
5205.392
5207.56
5208.686
5209.351
5211.01
5212.078
5214.588
5214.933
5214.996
5223.921
5224.985
5226.322
5226.674
5230.317
5231.329
5232.393
5234.954
5235.331
5237.577
5239.475
5241.004
5242.462
5245.711
5248.322
5248.805
5249.921
5252.968
5254.137
5256.127
5256.305
5259.107
5259.121
5259.265
5259.383
5260.736
5260.738
5262.566
5262.832
5266.233
5267.514
5268.301
5269.693
5272.941
5275.928
5276.669
5276.852
5278.913
5279.48
5280.004
5281.456
5283.011
5286.947
5290.952
5293.175
5297.492
5297.917
5298.831
5298.919
5299.106
5300.801
5301.944
5303.868
5314.679
5316.548
5316.609
5316.635
5317.504
5318.568
5318.803
5321.58
5321.814
5321.826
5326.63
5327.713
5328.734
5332.204
5332.782
5334.269
5336.195
5341.718
5343.324
5344.528
5344.902
5348.578
5349.402
5351.477
5352.185
5352.431
5356.83
5358.851
5359.18
5363.25
5363.723
5366.243
5366.766
5368.575
5368.71
5369.313
5370.014
5370.618
5370.981
5373.882
5377.114
5377.172
5381.023
5382.254
5382.422
5384.093
5386.127
5386.469
5387.807
5388.534
5393.812
5394.152
5394.887
5396.08
5396.62
5397.623
5402.892
5404.811
5405.574
5408.234
5409.395
5409.403
5412.202
5417.322
5417.917
5419.211
5423.703
5424.219
5424.494
5425.596
5426.974
5429.072
5429.263
5429.265
5431.307
5431.649
5432.161
5434.702
5436.268
5436.671
5440.823
5441.316
5444.384
5444.834
5450.74
5451.471
5453.486
5454.92
5455.363
5456.856
5459.493
5460.759
5462.422
5463.815
5464.13
5465.52
5470.238
5471.54
5473.003
5477.379
5478.358
5478.436
5478.458
5481.792
5483.092
5483.679
5483.737
5486.065
5487.394
5489.045
5490.689
5491.304
5491.98
5496.284
5497.67
5498.96
5500.786
5501.452
5502.035
5502.411
5502.751
5503.394
5505.94
5508.718
5509.294
5511.337
5512.268
5513.542
5514.216
5514.36
5514.812
5518.133
5521.986
5522.374
5522.399
5522.748
5522.816
5527.599
5528.663
5528.763
5528.921
5533.618
5535.218
5535.566
5535.604
5537.858
5541.112
5542.585
5544.64
5545.43
5547.128
5547.443
5552.554
5555.773
5556.259
5558.939
5558.988
5560.539
5563.582
5565.512
5567.381
5567.755
5568.697
5570.714
5572.494
5573.187
5574.761
5576.444
5576.587
5577.148
5578.472
5578.944
5579.857
5580.654
5581.724
5582.211
5583.563
5588.648
5589.132
5589.948
5590.595
5591.059
5593.233
5593.504
5595.661
5595.919
5596.155
5596.95
5597.271
5598.685
5603.468
5606.996
5608.327
5608.917
5609.306
5612.18
5614.329
5616.194
5616.597
5616.68
5618.569
5620.31
5621.439
5627.066
5628.504
5629.558
5630.257
5630.474
5630.698
5634.288
5641.662
5643.833
5644.063
5644.807
5645.336
5646.177
5649.595
5649.904
5650.934
5653.721
5657.229
5658.554
5659.044
5659.854
5660.862
5661.013
5661.801
5661.809
5663.108
5664.12
5668.085
5668.269
5672.774
5673.534
5675.671
5678.754
5679.298
5682.012
5686.244
5686.343
5687.321
5690.592
5691.115
5692.284
5692.829
5693.854
5695.055
5695.952
5696.417
5697.611
5700.816
5700.868
5701.835
5702.062
5703.429
5706.246
5706.348
5706.931
5708.875
5709.515
5710.825
5713.054
5713.38
5714.317
5715.258
5717.737
5717.81
5719.262
5720.048
5721.748
5722.373
5723.141
5724.412
5727.203
5727.34
5727.605
5729.363
5732.771
5735.243
5736.013
5739.582
5740.096
5740.256
5741.691
5741.784
5747.481
5748.621
5749.564
5749.826
5750.019
5750.032
5752.754
5753.494
5757.568
5763.085
5763.515
5764.014
5764.418
5765.711
5770.843
5771.965
5771.993
5772.241
5775.731
5777.536
5777.792
5777.906
5781.815
5781.925
5782.378
5782.721
5783.858
5784.246
5786.698
5786.928
5786.948
5787.954
5788.126
5788.226
5788.884
5793.486
5794.738
5794.796
5794.969
5795.242
5800.843
5805.177
5805.372
5806.009
5807.459
5807.906
5810.071
5810.304
5812.083
5814.064
5814.775
5815.244
5815.441
5815.74
5816.099
5822.511
5824.182
5826.785
5832.385
5833.218
5838.929
5841.427
5848.821
5848.95
5849.057
5849.712
5851.112
5853.537
5854.414
5857.639
5858.465
5860.485
5861.995
5863.403
5865.561
5869.26
5869.955
5870.882
5873.854
5874.055
5875.565
5876.545
5876.563
5877.021
5879.125
5880.355
5880.628
5882.015
5885.714
5887.442
5887.631
5890.978
5892.424
5897.869
5898.682
5898.964
5904.718
5907.376
5908.847
5909.022
5912.339
5917.267
5919.961
5921.159
5925.557
5927.004
5927.029
5930.143
5931.575
5933.605
5933.688
5938.251
5938.733
5939.956
5940.294
5943.94
5945.093
5945.404
5952.102
5953.671
5956.104
5958.444
5958.812
5959.001
5960.999
5962.115
5962.76
5963.063
5964.53
5966.742
5968.542
5969.293
5969.787
5970.733
5971.871
5972.917
5973.028
5975.317
5978.215
5978.556
5980.916
5981.338
5982.412
5985.339
5985.573
5988.246
5988.371
5988.86
5989.845
5990.661
5992.002
5993.989
5996.983
5997.096
5997.479
5998.174
5998.573
5999.248
5999.351
6000.16
6000.368
6001.913
6002.774
6003.942
6006.733
6008.177
6008.812
6008.9
6012.324
6012.715
6012.919
6014.042
6016.775
6018.431
6018.685
6018.94
6021.413
6027.955
6028.24
6029.897
6030.014
6031.349
6031.674
6031.962
6032.426
6032.83
6035.426
6037.155
6040.385
6041.108
6043.237
6044.407
6044.794
6053.749
6055.495
6058.192
6058.255
6058.78
6058.792
6059.787
6067.337
6069.002
6070.309
6075.556
6076.119
6076.588
6078.487
6079.657
6081.141
6083.376
6084.969
6087.14
6090.638
6091.784
6094.623
6097.933
6098.79
6100.092
6101.547
6101.621
6102.122
6107.196
6107.469
6108.923
6112.588
6115.633
6115.692
6116.564
6117.963
6118.537
6118.972
6119.486
6121.016
6123.052
6125.671
6126.69
6126.98
6126.995
6129.645
6129.966
6131.871
6132.644
6132.838
6133.228
6135.565
6136.658
6140.4
6140.411
6147.742
6149.717
6149.851
6153.521
6157.756
6160.419
6161.914
6163.213
6163.705
6165.741
6166.796
6167.565
6168.102
6178.129
6178.594
6179.721
6180.997
6181.401
6184.958
6186.789
6187.425
6189.319
6192.907
6195.802
6198.694
6198.987
6200.016
6202.259
6204.845
6206.389
6208.9
6209.353
6209.973
6210.748
6212.664
6213.098
6213.597
6218.411
6219.048
6223.602
6230.267
6231.743
6231.995
6233.436
6234.054
6235.046
6235.759
6242.418
6243.747
6243.817
6243.927
6244.4
6246.775
6247.212
6247.765
6251.476
6253.067
6255.621
6256.49
6257.585
6258.87
6261.963
6264.896
6268.322
6272.264
6272.914
6273.354
6274.128
6274.517
6274.776
6275.4
6276.932
6282.201
6283.893
6289.514
6291.23
6295.57
6298.674
6299.654
6299.891
6300.099
6301.698
6303.207
6303.31
6303.622
6303.924
6304.989
6309.345
6312.763
6315.657
6316.689
6317.036
6321.443
6322.943
6325.02
6327.118
6330.291
6331.785
6335.176
6339.297
6339.703
6339.797
6340.062
6340.785
6340.891
6341.038
6342.066
6342.512
6343.104
6343.865
6344.655
6345.611
6345.961
6347.122
6350.851
6351.582
6351.6
6355.637
6356.367
6359.486
6361.88
6363.586
6363.695
6364.051
6364.634
6365.161
6366.112
6366.407
6368.19
6369.792
6373.637
6374.351
6378.018
6378.97
6379.073
6379.777
6380.695
6381.537
6384.867
6385.354
6385.462
6385.636
6386.215
6388.189
6389.25
6389.89
6389.913
6392.209
6393.059
6393.303
6396.114
6397.956
6400.705
6400.839
6401.004
6401.401
6401.876
6402.686
6407.237
6408.361
6410.395
6413.677
6414.925
6415.508
6417.083
6417.251
6420.479
6423.063
6425.196
6425.405
6432.016
6433.219
6433.386
6435.118
6437.38
6437.584
6446.423
6446.712
6447.355
6449.739
6451.183
6454.297
6456.475
6458.607
6459.419
6460.019
6463.602
6464.992
6465.18
6466.517
6466.635
6468.788
6471.347
6471.882
6473.439
6474.89
6474.959
6476.743
6476.989
6478.205
6478.367
6479.627
6481.969
6482.394
6483.246
6488.171
6489.723
6490.115
6490.476
6493.546
6493.746
6494.14
6494.749
6496.22
6497.218
6501.318
6502.158
6503.865
6506.224
6508.286
6508.937
6510.698
6512.311
6512.63
6513.815
6514.33
6515.019
6518.245
6522.456
6522.837
6525.882
6526.167
6527.792
6528.062
6536.426
6537.858
6539.494
6539.653
6539.793
6542.951
6545.787
6545.832
6547.949
6552.016
6555.952
6563.087
6567.246
6568.318
6569.699
6572.21
6572.676
6572.676
6573.562
6574.468
6576.223
6579.85
6592.714
6594.81
6595.533
6596.469
6598.011
6600.406
6600.528
6603.088
6603.153
6605.497
6609.161
6610.335
6612.625
6613.328
6615.393
6618.781
6623.094
6623.259
6624.671
6625.261
6627.892
6628.372
6628.505
6631.077
6633.579
6634.379
6635.913
6638.152
6639.587
6640.132
6640.671
6642.908
6647.5
6648.34
6654.221
6655.508
6657.395
6658.635
6659.183
6663.685
6663.734
6665.116
6668.318
6668.387
6671.051
6671.277
6671.795
6672.959
6675.663
6677.386
6681.325
6682.729
6682.854
6688.496
6689.195
6691.666
6693.756
6696.01
6697.279
6697.588
6698.461
6701.848
6704.689
6708.421
6709.281
6712.861
6713.154
6713.92
6715.331
6718.478
6721.234
6724.663
6726.199
6727.871
6730.388
6731.955
6733.983
6734.668
6735.906
6739.478
6739.885
6740.841
6742.083
6744.531
6745.678
6747.402
6747.852
6747.943
6749.929
6750.511
6751.117
6751.696
6754.673
6761.983
6763.019
6763.86
6764.543
6766.792
6767.56
6769.121
6769.236
6769.984
6770.261
6770.325
6771.791
6772.904
6773.974
6774.242
6774.806
6775.785
6778.196
6779.783
6783.419
6789.76
6793.788
6795.816
6796.827
6797.35
6798.779
6802.609
6802.796
6811.997
6813.934
6814.54
6818.42
6818.86
6821.269
6822.108
6822.118
6822.918
6823.376
6826.294
6827.479
6828.78
6828.979
6830.05
6833.484
6833.678
6837.588
6839.683
6841.247
6844.39
6844.913
6846.306
6847.696
6847.825
6852.182
6854.092
6855.515
6857.759
6860.584
6865.142
6866.896
6867.21
6874.253
6874.518
6876.241
6876.388
6876.543
6877.496
6877.875
6879.41
6884.153
6892.405
6893.022
6900.839
6901.213
6902.619
6903.048
6908.702
6909.158
6909.834
6909.981
6910.122
6911.269
6911.943
6912.372
6913.566
6914.791
6916.184
6916.505
6918.051
6918.951
6920.818
6925.683
6929.017
6936.73
6937.899
6940.043
6940.591
6942.92
6944.246
6944.563
6944.744
6945.728
6946.159
6946.263
6954.247
6955.824
6960.759
6962.033
6962.226
6962.324
6965.829
6967.48
6969.815
6970.016
6975.295
6975.793
6979.654
6980.242
6984.145
6986.289
6989.596
6991.904
6993.525
6994.821
6997.004
6997.122
6997.51
6997.842
6998.262
6998.389
6998.822
7003.903
7004.01
7006.238
7007.145
7013.44
7015.065
7015.845
7016.588
7016.92
7021.463
7021.632
7022.006
7022.199
7022.971
7028.65
7031.242
7031.698
7033.816
7034.205
7035.253
7035.258
7036.539
7041.495
7042.32
7048.375
7048.535
7050.007
7050.835
7054.386
7055.122
7057.383
7059.645
7061.095
7068.474
7068.485
7072.201
7073.882
7074.5
7074.725
7079.541
7081.163
7084.899
7086.137
7089.061
7090.428
7097.721
7101.261
7102.374
7104.948
7105.242
7105.541
7107.973
7110.345
7110.517
7111.512
7117.025
7118.103
7120.61
7120.653
7121.018
7121.486
7122.11
7126.296
7126.739
7127.273
7132.439
7133.747
7136.379
7137.984
7139.696
7141.188
7148.582
7149.169
7150.973
7151.525
7152.883
7154.065
7155.717
7161.572
7162.176
7163.271
7167.938
7170.976
7180.879
7188.24
7188.545
7193.281
7193.902
7194.757
7198.265
7198.611
7202.682
7203.029
7207.366
7211.211
7211.513
7220.851
7221.776
7221.904
7223.219
7223.765
7227.392
7227.493
7227.502
7229.823
7231.288
7232.063
7234.571
7237.635
7238.743
7240.338
7240.339
7240.88
7241.544
7242.385
7244.087
7247.455
7247.462
7250.372
7255.407
7258.466
7259.573
7260.254
7260.749
7264.448
7264.783
7264.896
7265.366
7268.644
7270.191
7274.212
7284.553
7289.657
7290.331
7292.153
7292.944
7293.79
7296.677
7296.916
7298.349
7298.672
7302.413
7303.156
7307.424
7317.044
7317.594
7318.644
7321.125
7324.901
7328.352
7329.396
7330.779
7331.952
7334.282
7341.233
7342.653
7345.147
7345.381
7346.163
7347.96
7348.88
7353.455
7353.524
7354.048
7356.525
7357.212
7357.218
7363.259
7370.164
7372.666
7373.256
7376.455
7379.796
7385.016
7385.932
7387.873
7388.685
7388.803
7391.093
7391.517
7394.913
7402.52
7402.927
7403.426
7405.186
7405.599
7406.348
7407.546
7408.476
7411.677
7413.417
7414.693
7416.251
7417.474
7421.567
7428.669
7434.026
7434.191
7436.597
7436.884
7439.218
7448.715
7454.255
7454.339
7454.452
7457.99
7458.881
7460.144
7460.594
7461.853
7463.289
7463.57
7467.338
7468.807
7469.374
7469.931
7470.254
7472.311
7478.919
7479.803
7485.053
7486.945
7488.685
7489.024
7489.453
7490.517
7491.816
7493.177
7495.479
7498.318
7499.443
7501.338
7501.749
7502.193
7507.738
7509.132
7513.597
7513.966
7515.776
7517.29
7518.037
7519.204
7523.475
7532.329
7537.639
7539.288
7542.416
7544.173
7544.592
7545.319
7545.931
7548.566
7549.491
7551.03
7553.196
7554.517
7554.54
7557.408
7557.776
7561.449
7562.23
7562.751
7565.642
7566.98
7573.298
7573.436
7573.887
7575.425
7576.56
7583.967
7586.421
7587.763
7587.865
7589.917
7590.019
7590.453
7599.475
7600.084
7600.353
7602.656
7603.078
7604.158
7608.057
7609.634
7612.487
7614.369
7618.216
7623.514
7624.206
7626.529
7627.318
7627.889
7628.947
7630.505
7634.544
7636.705
7643.793
7644.684
7645.045
7647.239
7649.091
7651.842
7654.166
7657.037
7658.858
7659.103
7661.423
7661.555
7662.796
7667.133
7669.603
7670.734
7670.98
7671.808
7676.045
7684.121
7684.718
7686.601
7687.025
7687.205
7687.43
7688.213
7688.972
7692.353
7700.134
7700.395
7700.431
7701.054
7706.653
7711.548
7716.461
7719.504
7722.968
7726.687
7727.886
7729.694
7731.238
7734.077
7735.793
7737.741
7740.564
7741.685
7741.938
7745.251
7748.803
7749.391
7755.903
7757.204
7758.527
7761.773
7763.689
7766.127
7775.289
7781.004
7784.641
7784.878
7785.395
7789.067
7789.86
7795.504
7802.097
7803.229
7804.827
7804.991
7808.485
7810.036
7810.669
7818.852
7821.983
7828.026
7830.547
7832.349
7832.381
7834.203
7835.829
7836.067
7848.352
7854.557
7857.533
7859.889
7861.935
7863.083
7864.643
7869.949
7869.989
7870.862
7870.879
7875.99
7876.51
7878.622
7879.984
7882.454
7883.951
7884.39
7884.419
7900.769
7903.863
7905.855
7908.712
7909.832
7913.458
7919.113
7922.499
7923.21
7923.73
7924.218
7925.564
7925.962
7927.182
7932.299
7939.184
7941.672
7943.694
7950.445
7952.314
7954.857
7956.677
7957.686
7962.309
7962.565
7964.982
7970.901
7972.02
7976.657
7979.133
7979.637
7982.527
7983.506
7989.999
7990.454
7992.466
7994.512
7995.093
8010.552
8012.049
8012.944
8014.781
8014.783
8017.519
8021.181
8021.76
8021.96
8025.699
8040.926
8046.847
8052.956
8059.962
8061.776
8062.131
8063.729
8074.31
8077.588
8080.914
8081.455
8081.836
8089.776
8090.005
8092.482
8093.349
8094.573
8100.705
8100.837
8104.415
8104.619
8109.474
8113.805
8120.782
8123.454
8128.415
8131.021
8135.096
8139.997
8144.782
8149.926
8152.928
8153.102
8159.644
8159.843
8161.507
8161.777
8162.034
8162.601
8162.653
8163.231
8164.535
8165.201
8167.611
8168.218
8170.695
8173.273
8175.003
8177.864
8182.077
8182.229
8182.924
8188.55
8197.005
8198.205
8198.723
8205.885
8205.952
8206.031
8214.406
8217.849
8224.606
8225.106
8228.228
8228.668
8232.132
8234.425
8236.436
8240.913
8243.291
8243.521
8243.968
8244.632
8249.133
8251.761
8253.729
8260.966
8262.045
8269.069
8272.119
8272.191
8273.911
8278.029
8279.578
8294.31
8297.164
8298.864
8300.242
8305.556
8306.556
8309.63
8311.177
8311.939
8313.883
8317.256
8322.812
8327.371
8327.508
8336.177
8351.599
8353.071
8353.702
8355.228
8355.259
8356.47
8357.081
8359.022
8365.802
8366.381
8369.239
8369.68
8377.526
8377.572
8378.733
8380.359
8382.311
8393.566
8394.618
8395.808
8396.787
8400.983
8401.266
8401.644
8406.828
8407.716
8407.8
8408.141
8408.604
8410.413
8411.861
8421.096
8423.263
8423.718
8424.366
8427.882
8432.068
8432.948
8433.745
8436.3
8436.626
8436.779
8440.799
8442.688
8447.866
8448.139
8449.186
8452.292
8454.587
8454.709
8457.683
8459.016
8459.279
8460.982
8462.241
8462.719
8464.33
8467.324
8469.509
8470.302
8471.609
8474.319
8480.32
8485.48
8487.497
8497.127
8497.931
8498.774
8500.418
8502.711
8506.207
8510.44
8513.484
8516.156
8519.074
8520.544
8526.673
8536.772
8542.167
8542.526
8544.03
8545.976
8548.964
8551.359
8552.247
8552.354
8554.585
8556.241
8557.106
8557.807
8559.274
8560.35
8561.488
8563.206
8563.296
8573.392
8579.366
8580.107
8580.767
8581.649
8582.284
8587.084
8588.35
8593.937
8596.444
8600.145
8601.84
8604.148
8605.039
8606.713
8607.252
8610.229
8614.816
8615.032
8620.444
8621.853
8625.464
8630.158
8631.759
8632.122
8635.195
8637.151
8637.559
8640.65
8641.429
8642.385
8642.581
8647.404
8647.521
8649.89
8653.995
8660.771
8664.088
8664.446
8670.054
8670.192
8674.695
8674.842
8678.051
8678.121
8684.58
8686.532
8691.889
8696.445
8697.25
8710.844
8711.505
8713.614
8720.792
8723.185
8731.679
8732.904
8734.661
8735.48
8736.318
8739.812
8740.262
8744.037
8747.952
8748.108
8754.787
8761.327
8762.393
8762.736
8763.816
8766.417
8766.735
8771.329
8775.923
8780.278
8781.287
8781.67
8785.058
8786.133
8796.625
8796.684
8798.8
8800.191
8805.108
8806.755
8808.13
8811.953
8815.842
8816.335
8818.314
8821.113
8821.192
8822.495
8826.254
8827.435
8829.889
8830.073
8832.798
8834.397
8835.846
8836.478
8847.316
8848.059
8854.88
8854.902
8863.003
8869.759
8874.008
8876.588
8877.72
8880.298
8887.783
8888.113
8888.981
8890.203
8891.168
8893.961
8898.101
8901.194
8904.237
8905.047
8905.267
8906.351
8920.15
8931.384
8933.939
8935.983
8936.131
8941.27
8944.02
8944.288
8945.024
8946.201
8954.979
8958.151
8960.78
8963.008
8964.766
8965.347
8967.642
8970.399
8971.133
8974.608
8974.737
8977.233
8980.191
8980.202
8988.81
8991.023
8991.583
8993.159
9000.834
9001.701
9009.278
9017.278
9020.983
9025.582
9028.301
9032.551
9038.415
9040.732
9043.21
9043.791
9048.855
9054.641
9056.611
9056.971
9061.455
9062.342
9071.477
9075.055
9095.243
9099.595
9103.997
9104.911
9107.888
9111.665
9112.231
9115.948
9118.017
9118.74
9124.03
9127.091
9128.941
9129.109
9134.365
9136.475
9150.795
9159.707
9159.721
9167.301
9168.528
9171.348
9173.42
9178.535
9179.894
9180.19
9181.397
9188.543
9200.969
9202.542
9202.866
9205.497
9207.42
9211.963
9219.61
9220.904
9222.076
9229.436
9235.915
9242.223
9244.015
9245.253
9254.781
9255.123
9256.389
9257.764
9261.803
9265.18
9270.566
9274.283
9276.119
9280.574
9289.541
9292.554
9297.579
9299.135
9299.744
9300.779
9305.325
9308.492
9314.362
9319.993
9323.374
9329.171
9330.41
9332.956
9333.506
9336.63
9353.655
9358.167
9361.055
9363.564
9369.601
9374.15
9374.7
9391.221
9395.646
9400.072
9401.296
9405.935
9406.433
9407.708
9409.228
9409.776
9409.797
9412.251
9424.474
9424.601
9424.81
9435.761
9440.06
9440.162
9444.022
9445.168
9447.231
9449.051
9455.75
9457.299
9458.471
9462.172
9463.42
9466.39
9468.45
9471.465
9475.221
9477.2
9479.986
9495.302
9498.76
9500.19
9501.304
9501.98
9502.934
9507.497
9513.098
9513.941
9515.124
9516.63
9517.499
9519.75
9521.504
9526.547
9529.72
9532.792
9534.889
9536.132
9536.415
9544.137
9548.907
9550.991
9551.338
9551.4
9561.575
9568.848
9570.979
9571.295
9579.028
9580.609
9588.013
9591.97
9592.281
9592.304
9592.613
9594.495
9595.607
9597.747
9600.124
9605.222
9606.083
9609.863
9611.675
9615.628
9619.07
9627.043
9631.261
9637.472
9638.077
9639.733
9643.416
9645.534
9650.281
9651.581
9651.612
9653.059
9655.012
9657.437
9658.792
9665.147
9667.339
9667.95
9669.723
9673.239
9675.944
9677.018
9687.366
9691.451
9695.12
9696.189
9698.622
9700.064
9702.169
9708.388
9708.613
9711.795
9718.849
9718.968
9722.838
9723.837
9729.122
9729.582
9732.519
9733.44
9736.328
9742.9
9749.213
9751.463
9754.488
9754.898
9761.179
9762.381
9762.605
9763.912
9767.902
9770.736
9776.078
9776.526
9776.904
9780.008
9780.186
9782.041
9783.221
9787.276
9788.573
9791.889
9802.938
9805.342
9809.577
9811.608
9821.872
9829.323
9833.38
9840.92
9843.091
9854.502
9855.187
9856.834
9859.746
9863.443
9865.456
9866.584
9869.9
9874.416
9875.171
9875.377
9875.602
9882.182
9884.45
9885.011
9885.139
9886.363
9889.829
9901.153
9901.475
9904.48
9910.457
9913.395
9919.73
9930.412
9932.374
9939.577
9947.212
9949.766
9957.359
9962.272
9962.372
9962.803
9969.574
9970.589
9976.546
9976.549
9983.533
9993.769
9997.129
9997.752
9998.725
9998.832
10000.947
10003.938
10012.607
10014.563
10026.044
10028.923
10030.091
10032.044
10041.148
10049.347
10051.186
10051.944
10052.667
10054.885
10055.926
10057.92
10064.079
10068.152
10070.544
10073.38
10074.432
10078.141
10078.474
10078.977
10080.105
10080.703
10080.714
10085.025
10087.486
10088.155
10090.174
10093.22
10099.105
10109.06
10112.334
10121.807
10124.638
10126.614
10136.803
10142.692
10144.024
10151.208
10152.519
10172.138
10176.023
10176.504
10183.396
10185.078
10185.653
10193.56
10195.691
10197.92
10201.547
10203.33
10208.931
10226.061
10227.334
10229.804
10235.833
10242.373
10243.023
10248.458
10252.61
10253.708
10254.139
10257.38
10262.443
10274.081
10279.796
10289.799
10303.977
10305.035
10305.051
10306.999
10310.189
10311.588
10312.614
10318.335
10318.995
10344.08
10350.956
10351.85
10361.464
10365.523
10370.291
10379.335
10395.461
10404.386
10405.179
10410.363
10415.439
10418.033
10424.37
10430.877
10441.967
10444.923
10445.12
10448.665
10460.065
10460.557
10461.82
10467.347
10475.183
10475.596
10476.032
10476.365
10481.017
10485.227
10487.705
10490.989
10496.262
10498.372
10501.878
10508.401
10509.795
10512.59
10514.261
10514.763
10523.108
10524.372
10538.038
10539.718
10543.928
10550.002
10567.765
10570.106
10572.19
10578.595
10578.693
10584.163
10591.577
10593.685
10600.93
10600.963
10604.254
10607.417
10607.754
10609.74
10619.589
10621.983
10625.91
10626.437
10639.54
10645.312
10645.516
10652.273
10653.302
10667.852
10669.338
10676.608
10687.096
10689.061
10695.882
10696.039
10697.63
10699.008
10701.727
10707.662
10709.999
10710.048
10724.2
10725.115
10729.181
10738.535
10743.053
10752.636
10754.679
10756.506
10756.634
10758.239
10760.107
10761.819
10764.347
10766.489
10773.982
10781.572
10784.025
10798.055
10800.796
10802.897
10803.633
10808.547
10813.665
10815.78
10816.546
10819.395
10824.424
10827.981
10828.717
10829.034
10835.086
10835.773
10836.099
10858.243
10861.319
10869.923
10872.754
10875.444
10876.891
10877.267
10877.801
10878.258
10880.762
10881.72
10882.239
10882.836
10883.647
10883.654
10884.218
10884.27
10896.922
10899.123
10902.075
10914.251
10930.552
10931.535
10937.542
10949.792
10949.834
10951.483
10958.69
10963.887
10966.662
10966.937
10973.516
10976.149
10977.976
10978.436
10979.829
10992.261
11003.059
11007.559
11022.058
11022.26
11026.049
11030.968
11037.59
11049.413
11052.048
11053.642
11054.502
11062.311
11065.11
11065.893
11067.749
11081.304
11084.149
11090.125
11096.735
11097.579
11102.283
11117.775
11125.535
11130.679
11137.966
11144.662
11148.03
11151.531
11155.371
11157.421
11159.947
11160.339
11161.178
11162.409
11166.991
11167.23
11200.962
11203.647
11206.549
11219.337
11224.449
11230.034
11231.069
11231.793
11233.916
11234.251
11242.051
11244.417
11249.162
11261.381
11266.19
11268.942
11275.918
11282.218
11282.973
11288.22
11288.471
11290.742
11309.366
11311.0
11313.583
11314.652
11315.55
11316.526
11316.904
11327.199
11328.291
11330.691
11347.63
11352.042
11355.678
11357.959
11360.617
11369.103
11370.115
11373.373
11375.988
11378.633
11379.599
11382.718
11383.466
11394.524
11395.866
11396.556
11397.937
11402.58
11404.337
11412.715
11415.741
11419.079
11419.685
11427.015
11428.957
11430.914
11431.316
11440.185
11441.607
11442.308
11443.468
11448.458
11450.043
11468.503
11471.029
11478.17
11484.172
11487.731
11492.239
11510.578
11515.073
11516.337
11523.085
11523.626
11523.779
11530.133
11534.876
11538.62
11548.201
11556.629
11559.853
11562.594
11567.623
11569.323
11601.458
11602.196
11603.101
11604.993
11616.854
11618.13
11618.425
11620.588
11628.373
11629.875
11630.519
11631.726
11637.922
11644.105
11646.734
11653.99
11655.651
11657.076
11664.087
11669.556
11677.326
11678.974
11693.878
11707.144
11713.049
11731.726
11735.057
11737.755
11738.367
11743.828
11744.033
11754.337
11756.273
11761.338
11773.293
11774.863
11776.322
11778.409
11778.489
11780.45
11782.558
11784.344
11785.929
11796.683
11806.83
11809.789
11812.075
11816.322
11823.659
11825.152
11830.199
11835.935
11836.331
11837.451
11851.7
11854.302
11856.766
11858.716
11867.769
11876.406
11881.262
11883.787
11886.193
11886.423
11888.747
11893.795
11899.617
11905.787
11911.675
11914.844
11923.76
11928.473
11956.791
11957.489
11959.575
11965.075
11968.267
11975.711
11984.924
11987.56
11993.381
11994.618
12012.25
12012.827
12013.913
12026.003
12026.457
12030.12
12038.174
12043.273
12051.001
12053.269
12059.281
12059.883
12062.815
12074.608
12092.361
12095.564
12096.9
12102.517
12107.473
12124.282
12132.978
12132.981
12136.032
12155.892
12169.689
12179.54
12181.998
12187.772
12191.487
12192.094
12200.468
12203.703
12205.801
12231.904
12238.901
12239.814
12239.859
12242.062
12249.286
12253.622
12261.612
12267.53
12275.887
12285.633
12300.472
12317.52
12329.312
12332.783
12335.717
12347.456
12350.816
12364.972
12374.02
12396.406
12429.264
12429.504
12437.85
12441.616
12441.768
12448.166
12451.53
12453.277
12460.228
12465.269
12485.735
12489.212
12490.217
12500.802
12506.177
12513.753
12515.385
12519.016
12521.073
12524.506
12535.2
12543.868
12543.889
12546.221
12551.799
12551.936
12556.631
12562.801
12585.712
12587.137
12589.423
12594.319
12606.002
12606.139
12611.7
12617.632
12627.274
12632.084
12632.502
12640.383
12645.751
12655.771
12662.632
12681.241
12681.613
12685.547
12692.244
12699.051
12714.635
12718.253
12720.367
12721.897
12725.965
12731.073
12732.396
12737.46
12749.425
12759.574
12760.174
12763.184
12766.242
12768.317
12770.443
12775.788
12785.79
12787.709
12791.119
12795.593
12803.955
12804.439
12806.177
12806.724
12811.398
12825.521
12836.658
12845.975
12850.31
12851.379
12858.81
12874.402
12885.608
12905.225
12910.09
12913.169
12917.999
12920.307
12920.643
12921.469
12922.009
12927.013
12931.871
12935.793
12938.516
12943.509
12948.186
12948.807
12954.237
12957.814
12959.67
12963.636
12963.921
12968.677
12972.061
12972.358
12973.241
12974.075
12974.671
12983.249
12988.184
12990.328
12998.201
13000.619
13005.627
13008.674
13016.709
13019.733
13027.934
13038.785
13045.546
13046.801
13052.604
13058.344
13060.964
13067.813
13079.398
13082.622
13083.419
13106.218
13106.907
13110.438
13111.169
13127.905
13129.31
13133.995
13143.683
13153.283
13155.002
13169.72
13171.007
13183.74
13186.397
13187.121
13202.277
13204.405
13219.204
13223.137
13224.828
13228.312
13237.071
13238.665
13253.519
13256.067
13261.537
13275.587
13276.559
13282.541
13286.082
13287.916
13289.41
13310.5
13313.5
13326.712
13326.726
13328.784
13336.343
13347.862
13353.116
13363.968
13367.318
13368.128
13376.431
13377.698
13380.472
13393.544
13398.079
13403.498
13412.153
13417.077
13422.246
13423.979
13424.997
13426.895
13434.018
13444.48
13445.052
13449.507
13460.275
13462.493
13472.859
13486.339
13493.985
13496.202
13501.563
13508.232
13509.004
13515.311
13519.805
13523.235
13523.341
13549.459
13556.978
13573.0
13579.166
13585.91
13589.31
13595.903
13596.689
13626.613
13631.715
13634.543
13646.5
13648.463
13668.657
13675.8
13680.257
13687.911
13698.093
13699.773
13703.411
13706.56
13714.966
13726.16
13728.988
13732.314
13735.524
13738.934
13747.177
13747.595
13749.71
13749.762
13757.092
13762.239
13765.004
13767.028
13778.848
13782.277
13787.062
13804.825
13823.621
13830.323
13834.865
13837.338
13839.47
13859.283
13862.103
13865.759
13878.627
13900.123
13910.328
13912.245
13914.867
13919.949
13920.011
13920.922
13925.178
13955.872
13958.118
13960.159
13968.89
13999.091
14001.142
14003.6
14006.003
14010.35
14032.114
14041.517
14046.943
14049.081
14051.489
14065.879
14074.798
14093.22
14099.099
14114.13
14118.249
14126.918
14132.765
14146.817
14154.211
14155.468
14164.0
14196.613
14213.321
14220.825
14225.473
14231.372
14236.63
14237.641
14238.755
14249.013
14256.327
14281.223
14284.523
14301.008
14307.154
14317.49
14346.256
14366.633
14387.352
14394.746
14408.487
14415.81
14418.292
14438.321
14441.2
14447.197
14455.354
14460.593
14468.994
14470.796
14472.837
14482.057
14486.438
14504.209
14513.525
14522.968
14530.465
14533.533
14538.083
14538.708
14544.843
14548.411
14548.997
14550.527
14567.3
14581.409
14613.117
14618.088
14621.541
14639.284
14642.345
14658.764
14669.46
14673.379
14679.629
14692.713
14717.359
14717.672
14744.639
14851.991
14854.026
14859.37
14859.516
14862.406
14869.362
14877.465
14930.637
14931.294
14947.155
14952.788
14953.46
14976.579
14977.307
15050.908
15051.356
15066.514
15078.533
15078.671
15098.592
15111.989
15114.519
15114.525
15117.025
15125.198
15133.25
15137.846
15160.119
15176.219
15178.724
15184.37
15199.314
15229.034
15243.417
15244.612
15245.68
15245.734
15247.998
15250.133
15253.374
15263.574
15272.379
15272.826
15275.263
15294.835
15308.648
15311.461
15316.429
15316.938
15317.485
15320.163
15322.812
15325.364
15326.343
15351.751
15373.833
15390.537
15406.322
15409.227
15412.323
15422.061
15426.929
15428.655
15441.404
15441.926
15447.193
15470.766
15482.142
15484.086
15504.88
15554.267
15558.572
15568.83
15594.838
15595.451
15599.72
15605.395
15637.299
15644.259
15646.61
15647.711
15649.892
15671.386
15680.392
15731.255
15740.792
15742.191
15743.082
15757.191
15763.919
15775.841
15780.742
15790.245
15795.58
15813.28
15816.412
15837.522
15841.392
15851.842
15854.532
15857.956
15880.949
15885.492
15893.19
15893.843
15911.919
15931.884
15934.281
15956.917
15983.101
15994.66
16010.253
16022.953
16029.189
16029.811
16041.712
16068.411
16104.924
16118.612
16121.61
16163.707
16173.119
16178.004
16190.181
16212.678
16247.059
16271.004
16313.749
16348.603
16354.479
16366.52
16415.304
16421.126
16426.782
16447.269
16448.73
16483.291
16534.221
16549.518
16551.875
16566.741
16616.186
16622.703
16627.101
16629.75
16633.833
16667.353
16677.972
16686.596
16689.122
16693.111
16707.931
16714.723
16736.437
16739.44
16775.427
16778.903
16813.375
16838.359
16844.333
16845.923
16901.309
16931.147
16961.676
16971.759
16973.487
16977.447
16982.602
17001.83
17009.271
17020.253
17021.387
17023.12
17037.122
17068.101
17101.277
17122.008
17159.065
17159.99
17171.813
17174.602
17176.971
17206.813
17243.186
17247.089
17263.658
17266.891
17273.32
17279.707
17285.78
17327.456
17357.478
17357.571
17412.701
17415.514
17438.647
17440.626
17443.049
17477.181
17486.02
17489.561
17522.03
17552.674
17567.485
17568.557
17593.245
17600.529
17602.53
17609.36
17638.627
17659.637
17660.231
17662.417
17663.516
17679.221
17772.757
17793.965
17794.473
17797.695
17826.083
17829.585
17861.952
17864.642
17871.066
17906.542
17911.939
17914.042
17917.168
17924.074
17926.985
17954.54
17980.776
17998.543
18024.724
18031.471
18036.362
18054.498
18082.296
18090.671
18106.941
18108.401
18109.696
18136.144
18141.745
18180.761
18200.387
18203.469
18203.516
18208.088
18211.955
18237.64
18275.448
18276.141
18288.303
18296.404
18318.854
18322.918
18362.493
18379.396
18385.946
18436.219
18472.565
18535.261
18562.857
18575.497
18610.022
18679.623
18717.031
18759.294
18771.975
18784.776
18828.79
18853.884
18854.771
18855.836
18856.627
18871.331
18903.853
18921.321
18929.019
19019.069
19029.729
19095.677
19123.253
19127.424
19148.002
19153.578
19190.795
19205.98
19212.491
19231.594
19244.614
19258.282
19268.819
19309.534
19344.015
19349.815
19448.185
19476.906
19499.628
19515.389
19533.814
19535.632
19543.71
19563.209
19568.869
19595.892
19627.906
19635.285
19648.853
19651.749
19700.813
19728.337
19748.719
19756.536
19797.365
19835.615
19853.266
19868.412
19883.467
19960.935
20014.19
20054.483
20065.022
20074.574
20116.097
20128.543
20160.91
20161.299
20223.098
20272.622
20330.908
20378.353
20390.199
20394.939
20440.132
20529.339
20559.021
20564.217
20576.151
20591.303
20618.439
20622.265
20701.154
20718.51
20764.1
20788.342
20822.893
20841.785
20862.691
20866.801
20922.142
20925.119
20951.196
20988.289
21011.102
21016.313
21070.739
21189.192
21204.84
21213.426
21281.157
21298.804
21414.252
21414.396
21448.927
21459.15
21593.621
21607.592
21616.15
21650.05
21655.639
21705.208
21741.945
21768.164
21768.282
21802.611
21806.689
21846.31
21859.792
21879.581
21950.692
22009.71
22029.506
22150.297
22151.615
22250.008
22265.427
22278.239
22283.215
22291.915
22325.05
22356.428
22394.141
22407.277
22416.919
22418.201
22463.514
22658.929
22661.901
22735.854
22744.361
22790.94
22836.733
22882.634
22937.225
22979.674
23002.078
23035.884
23164.488
23258.479
23322.514
23366.301
23368.345
23460.73
23469.602
23495.173
23590.313
23593.514
23641.974
23669.024
23750.028
23811.361
24005.341
24005.873
24029.51
24238.319
24318.239
24343.067
24439.852
24455.986
24476.812
24481.451
24560.051
24688.497
24711.842
24743.487
24890.881
25004.953
25049.167
25092.258
25126.836
25198.471
25314.709
25350.021
25400.022
25445.86
25475.675
25590.326
25744.948
25820.217
25878.252
25943.293
26065.793
26207.533
26254.495
26419.231
26588.63
26652.705
26730.838
26747.635
26783.659
26883.719
27032.414
27071.3
27113.967
27129.98
27169.868
27368.991
27438.909
27537.21
27592.388
27623.999
27747.875
27829.858
28053.398
28207.861
28232.161
28278.384
28521.962
28579.144
28854.385
29124.672
29134.467
29261.604
29302.526
29569.412
29952.447
29959.699
30063.89
30129.398
30526.681
30553.742
31297.636
31696.662
31830.135
32078.805
32165.367
32288.704
32328.307
32929.599
33491.049
33768.481
33810.845
34772.802
34892.464
34943.404
35067.193
36301.819
38915.206
39187.24
40349.289
51158.293
51162.705
